1 1.6170 184 31.36 552 31.21
2 12.8210 176 30.09 2569 31.21
3 13.9560 142 25.64 2757 31.21
4 22.8930 96 21.67 4400 31.21
5 38.8100 262 45.24 7324 31.43
6 39.4550 81 20.25 7513 31.21
7 39.7170 143 25.74 7518 31.21
8 42.2810 79 20.03 8070 31.21
9 54.4310 83 20.46 10267 31.21
10 59.5100 63 17.91 11186 31.21
11 63.5160 88 20.96 11922 31.21
12 65.8380 147 26.19 12293 31.21
13 68.6440 99 21.91 12847 31.21
14 70.6070 88 20.96 13218 31.43
15 79.5540 236 40.44 14870 31.21
16 90.7630 78 19.92 16888 31.21
17 100.4710 268 46.26 18720 31.43
18 120.8790 112 22.94 22385 31.21
19 127.4430 71 19.06 23671 31.21
20 129.7280 103 22.23 24041 31.21
21 141.5870 65 18.22 26242 31.21
22 145.2950 102 22.15 26978 31.21
23 146.3050 271 46.93 27166 31.21
24 147.7560 83 20.46 27354 31.21
25 154.6650 432 101.61 28640 31.21
26 156.6220 78 19.92 29015 31.21
27 156.9410 319 57.64 29020 31.21
28 162.6800 79 20.03 30129 31.43
29 164.3180 60 17.43 30500 31.21
30 168.3170 120 23.58 31237 31.21
31 179.5890 71 19.06 33255 31.21
32 184.4780 414 93.93 34174 31.21
33 188.2760 120 23.58 34919 31.21
34 188.6840 115 23.18 34924 31.21
35 193.7390 62 17.75 35844 30.89
36 197.7170 63 17.91 36581 31.21
37 202.4040 80 20.14 37500 31.43
38 202.5190 112 22.94 37505 31.21
39 206.5540 207 35.26 38242 31.21
40 207.3050 440 109.25 38430 31.21
41 218.6680 120 23.58 40470 31.21
42 221.4140 92 21.32 41024 31.53
43 259.7450 220 37.58 47983 31.21
44 262.1840 78 19.92 48537 31.21
45 263.3450 60 17.43 48725 31.43
46 276.9660 71 19.06 51109 31.21
47 281.6220 159 27.66 52029 31.21
48 281.6560 152 26.78 52034 31.21
49 286.3460 60 17.43 52954 31.21
50 307.3910 96 21.67 56802 31.53
51 309.8000 71 19.06 57173 31.21
52 310.9840 344 64.67 57361 31.21
53 319.2920 224 38.29 59022 31.21
54 322.2230 364 71.71 59576 31.21
55 325.6250 252 43.42 60133 31.21
56 330.4210 254 43.77 61058 31.21
57 355.9770 108 22.63 65647 31.21
58 359.2320 92 21.32 66384 31.21
59 359.2620 63 17.91 66390 31.21
60 360.2030 80 20.14 66579 31.53
61 372.4330 88 20.96 68780 31.21
62 376.2860 63 17.91 69517 31.53
63 383.4160 97 21.75 70804 31.21
64 393.7510 94 21.50 72640 31.21
65 395.6790 192 32.67 73011 31.53
66 401.4930 140 25.42 74115 31.21
67 405.3860 67 18.51 74852 31.53
68 414.5450 67 18.51 76505 31.21
69 415.8250 302 53.30 76693 31.21
70 416.7630 120 23.58 76882 31.21
71 429.9820 195 33.17 79267 31.43
72 430.7780 176 30.09 79455 31.53
73 435.9410 227 38.83 80375 31.53
74 441.9520 63 17.91 81478 31.21
75 441.9840 103 22.23 81483 31.21
76 445.6610 103 22.23 82220 31.21
77 454.5430 263 45.37 83873 31.43
78 454.9760 88 20.96 83878 31.43
79 459.8410 67 18.51 84798 31.43
80 466.4240 224 38.29 86083 31.21
81 475.2120 79 20.03 87736 31.43
82 481.4230 81 20.25 88839 31.21
83 487.3990 71 19.06 89943 31.43
84 488.2560 60 17.43 90132 31.21
85 489.2570 192 32.67 90320 31.21
86 498.5460 63 17.91 91972 31.21
87 503.8190 88 20.96 92892 31.21
88 508.9490 62 17.75 93812 31.43
89 513.2190 81 20.25 94733 31.21
90 514.2270 65 18.22 94922 31.21
91 514.4130 105 22.39 94927 31.43
92 517.8920 216 36.85 95481 31.75
93 521.8780 96 21.67 96218 31.21
94 523.6040 63 17.91 96589 31.64
95 534.3110 78 19.92 98607 31.21
96 539.7570 268 46.26 99527 31.43
97 541.3700 63 17.91 99900 31.21
98 542.2100 60 17.43 100088 31.53
99 546.5640 96 21.67 100826 31.43
100 546.9490 92 21.32 100831 31.21
101 547.5180 115 23.18 101020 31.21
102 558.7310 76 19.69 103038 31.64
103 559.6930 79 20.03 103226 31.43
104 559.7420 102 22.15 103231 31.21
105 566.5380 78 19.92 104517 31.21
106 573.6920 92 21.32 105803 31.43
107 574.6840 188 32.01 105991 31.53
108 585.6880 120 23.58 108017 31.43
109 595.8820 67 18.51 109852 31.21
110 610.2290 60 17.43 112602 31.53
111 612.9550 70 18.93 112973 31.21
112 621.7590 92 21.32 114625 31.21
113 636.8200 63 17.91 117375 31.43
114 639.3330 96 21.67 117929 31.53
115 639.7570 76 19.69 117934 31.43
116 644.2850 419 97.20 118854 31.43
117 658.9760 224 38.29 121449 31.21
118 660.8190 79 20.03 121821 31.43
119 662.5680 79 20.03 122192 31.21
120 667.9760 207 35.26 123112 31.21
121 670.9990 440 109.25 123669 31.21
122 675.6620 63 17.91 124781 31.21
123 684.6820 103 22.23 126433 31.21
124 687.4490 88 20.96 126987 31.53
125 687.6250 152 26.78 126992 31.21
126 691.9340 62 17.75 127729 31.21
127 693.9130 415 95.00 128100 31.21
128 698.6470 190 32.33 129030 31.21
129 698.8860 96 21.67 129035 31.21
130 706.7520 78 19.92 130504 31.21
131 712.2010 60 17.43 131607 31.43
132 719.4250 62 17.75 132894 31.21
133 722.2230 88 20.96 133449 31.21
134 730.8590 222 37.96 134918 31.21
135 734.5480 63 17.91 135655 31.21
136 738.9210 480 130.21 136392 31.21
137 742.3340 177 30.25 137141 31.21
138 750.5290 312 55.68 138610 31.21
139 750.5890 327 59.28 138615 31.53
140 751.9770 67 18.51 138804 31.21
141 752.4600 124 23.92 138992 31.21
142 760.6410 188 32.01 140461 31.21
143 761.4750 96 21.67 140649 31.43
144 762.5330 327 59.28 140837 31.21
145 772.2770 92 21.32 142682 31.43
146 773.9530 217 37.04 142870 31.21
147 786.3030 120 23.58 145254 31.21
148 788.8460 62 17.75 145625 31.43
149 802.9430 161 27.93 148192 31.53
150 811.8030 307 54.48 149845 31.21
151 817.4410 169 29.05 150969 31.21
152 817.6120 184 31.36 151051 31.21
153 827.9490 76 19.69 152919 31.21
154 830.5810 99 21.91 153474 31.21
155 832.9140 76 19.69 153846 31.21
156 834.3580 140 25.42 154242 31.21
157 836.6230 92 21.32 154613 31.21
158 843.5660 220 37.58 155908 31.21
159 845.8210 127 24.18 156306 31.21
160 849.3880 80 20.14 157141 31.53
161 851.9690 248 42.69 157551 31.21
162 874.4400 108 22.63 161995 31.21
163 877.4090 62 17.75 162553 31.43
164 880.2590 76 19.69 163115 31.21
165 883.6530 246 42.30 163689 31.21
166 901.8530 88 20.96 167010 31.21
167 914.9180 113 23.02 169396 31.21
168 921.6660 176 30.09 170701 31.43
169 924.7410 156 27.28 171262 31.21
170 926.2960 460 119.54 171639 31.21
171 930.2440 96 21.67 172398 31.21
172 942.6900 255 43.96 174600 31.21
173 948.9420 63 17.91 176294 31.21
174 960.5150 62 17.75 179033 31.43
175 969.4360 135 24.92 180753 31.21
176 973.6620 81 20.25 181490 31.21
177 973.7070 60 17.43 181495 31.43
178 974.2760 81 20.25 181683 31.21
179 975.1920 81 20.25 181871 31.21
180 979.9910 88 20.96 182608 31.43
181 980.6980 56 16.76 182796 31.43
182 983.1960 97 21.75 183350 31.21
183 984.2520 78 19.92 183538 31.21
184 988.8680 428 101.58 184275 31.21
185 996.4350 352 66.89 185761 31.43
186 1044.6049 120 23.58 241944 31.21
187 1077.9029 209 35.61 281072 31.21
188 1496.1860 63 17.91 776052 31.86
189 1500.8609 63 17.91 781458 31.64
190 1506.6030 67 18.51 788297 31.86
191 1508.6689 63 17.91 790728 31.86
192 1510.6369 71 19.06 793062 31.86
193 1516.4639 67 18.51 799986 31.64
194 1535.4200 63 17.91 822418 31.86
195 1541.8800 63 17.91 829976 31.43
196 1547.4539 63 17.91 836647 31.64
197 1555.9399 63 17.91 846596 31.43
198 1568.9000 67 18.51 861935 31.21
