1 0.1880 0 12.32 374 29.92
2 6.2780 88 20.96 1467 29.92
3 9.3500 192 32.67 2020 29.92
4 39.4120 312 55.68 7515 29.92
5 45.4880 31 12.01 8618 29.92
6 46.3020 448 112.41 8805 29.92
7 49.5730 17 10.18 9365 29.92
8 54.3520 39 13.53 10280 29.92
9 54.5150 35 12.75 10285 29.92
10 73.2020 65 18.22 13748 29.92
11 81.8230 88 20.96 15212 29.92
12 89.7830 24 10.88 16681 29.92
13 101.4890 103 22.23 18871 30.35
14 115.7530 48 15.29 21438 29.92
15 119.3640 63 17.91 22172 29.92
16 127.7800 196 33.35 23641 29.92
17 128.6950 167 28.76 23829 29.92
18 129.4350 31 12.01 24017 30.35
19 130.8520 25 11.02 24205 29.92
20 141.7870 39 13.53 26215 30.03
21 147.8910 17 10.18 27318 30.35
22 153.1850 294 51.51 28416 30.03
23 176.6040 60 17.43 32653 30.57
24 206.9620 17 10.18 38143 31.21
25 208.7560 19 10.33 38513 31.21
26 215.2400 81 20.25 39799 31.21
27 241.2120 24 10.88 44562 31.43
28 247.3770 48 15.29 45664 31.43
29 248.2160 97 21.75 45852 31.43
30 263.8630 156 27.28 48602 31.21
31 269.8580 137 25.12 49705 31.21
32 277.8620 188 32.01 51174 31.21
33 288.5630 47 15.10 53192 31.21
34 302.2220 56 16.76 55759 31.21
35 310.4290 31 12.01 57228 31.21
36 325.5190 158 27.53 59977 31.43
37 348.5920 70 18.93 64191 31.21
38 377.8730 48 15.29 69496 31.21
39 389.2450 60 17.43 71697 31.21
40 390.4040 105 22.39 71885 31.21
41 393.2160 51 15.86 72439 31.21
42 398.5040 83 20.46 73358 31.21
43 400.1850 44 14.51 73729 31.21
44 400.5610 31 12.01 73734 31.21
45 415.3480 172 29.49 76483 31.43
46 429.9360 156 27.28 79050 31.21
47 467.4430 35 12.75 86009 31.43
48 469.3060 71 19.06 86378 31.21
49 477.3570 51 15.86 87845 31.86
50 480.7840 31 12.01 88398 31.96
51 502.8260 417 95.20 92427 31.86
52 511.8080 49 15.48 94097 31.75
53 513.4270 19 10.33 94467 31.64
54 533.1880 206 35.07 98124 31.64
55 534.7150 300 52.79 98312 31.86
56 543.4080 204 34.73 99973 31.96
57 557.8670 86 20.77 102540 31.86
58 560.4780 112 22.94 103094 31.86
59 561.8230 300 52.79 103282 31.64
60 563.4710 35 12.75 103655 31.43
61 588.5730 67 18.51 108232 31.86
62 603.2300 60 17.43 110974 31.86
63 634.2950 31 12.01 116635 31.86
64 638.6440 33 12.37 117368 31.86
65 638.7780 22 10.63 117373 31.86
66 639.5290 99 21.91 117561 31.86
67 643.3800 48 15.29 118298 31.96
68 645.9620 129 24.35 118667 31.86
69 647.2520 31 12.01 119038 31.96
70 663.6850 243 41.74 121965 31.96
71 672.3030 352 66.89 123617 31.64
72 673.7360 192 32.67 123806 31.86
73 681.6750 60 17.43 125275 31.96
74 684.9040 31 12.01 125826 31.86
75 706.7290 60 17.43 129835 31.86
76 709.3070 30 11.83 130386 31.96
77 712.5810 176 30.09 130937 31.86
78 724.2470 102 22.15 133138 31.96
79 724.9580 38 13.33 133143 31.96
80 739.2520 24 10.88 135878 32.07
81 752.5690 96 21.67 138255 31.96
82 776.2500 19 10.33 142652 31.86
83 797.5190 334 61.44 146483 32.07
84 800.6110 280 48.67 147040 32.18
85 803.8500 44 14.51 147594 31.96
86 820.4220 124 23.92 150699 32.07
87 840.5320 352 66.89 154364 32.18
88 840.8550 103 22.23 154369 32.18
89 863.6180 112 22.94 158583 32.18
90 865.9900 88 20.96 158954 32.07
91 866.8360 108 22.63 159142 32.18
92 876.9450 56 16.76 160977 32.18
93 883.6270 31 12.01 162256 32.18
94 885.5790 31 12.01 162625 32.07
95 914.5950 295 51.75 167910 32.07
96 921.5150 79 20.03 169201 32.18
97 926.2040 167 28.76 170121 32.18
98 928.5770 108 22.63 170492 32.18
99 929.7970 102 22.15 170680 32.18
100 932.2370 423 97.36 171234 32.18
101 933.5510 48 15.29 171424 32.18
102 948.7550 167 28.76 174174 32.18
103 949.5440 28 11.49 174362 32.18
104 951.8090 350 66.46 174733 32.18
105 952.5860 92 21.32 174922 32.18
106 966.2340 41 13.92 177489 32.18
107 967.2680 39 13.53 177677 32.18
108 974.1970 103 22.23 178963 32.18
109 980.5250 28 11.49 180066 32.18
110 982.7160 56 16.76 180437 32.07
111 1011.2550 39 13.53 185749 32.18
112 1020.4500 35 12.75 187401 32.18
113 1027.6850 159 27.66 188687 32.18
114 1033.2629 344 64.67 189790 32.18
115 1045.3160 88 20.96 192003 32.18
116 1046.6330 39 13.53 192191 32.18
117 1059.8699 147 26.19 194575 32.18
118 1078.6309 33 12.37 198057 32.07
119 1086.8690 319 57.64 199526 32.18
120 1098.7220 31 12.01 201739 32.18
121 1102.4279 71 19.06 202476 32.18
122 1110.8509 31 12.01 203945 31.96
123 1124.1910 135 24.92 206512 32.07
124 1142.1820 62 17.75 209811 32.18
125 1147.5360 664 270.86 210731 32.18
126 1159.5109 359 69.86 212980 32.18
127 1196.2650 199 33.86 219793 32.18
128 1202.2629 103 22.23 220896 32.18
129 1212.3010 31 12.01 222731 32.07
130 1214.7590 19 10.33 223102 32.18
131 1221.3830 31 12.01 224388 32.18
132 1233.6080 184 31.36 226589 32.18
133 1235.8120 188 32.01 226960 32.18
134 1238.9040 384 80.08 227514 32.07
135 1239.7810 62 17.75 227704 32.18
136 1240.6009 31 12.01 227892 32.18
137 1251.9410 433 104.37 229910 32.18
138 1261.4909 31 12.01 231765 32.18
139 1297.3239 49 15.48 238358 32.18
140 1327.5279 28 11.49 243853 32.18
141 1329.5140 49 15.48 244224 32.18
142 1330.3100 44 14.51 244412 32.07
143 1334.9000 472 125.87 245149 32.07
144 1335.2419 127 24.18 245340 32.07
145 1336.6450 62 17.75 245528 32.18
146 1340.2299 131 24.54 246265 32.18
147 1355.9060 63 17.91 249015 32.07
148 1363.8229 57 16.93 250484 32.07
149 1385.5880 51 15.86 254515 32.07
150 1387.7690 19 10.33 254886 32.18
151 1402.7889 31 12.01 257636 32.18
152 1417.8830 30 11.83 260386 32.18
153 1424.3050 79 20.03 261672 32.18
154 1429.5319 80 20.14 262592 32.07
155 1436.3110 31 12.01 263878 32.18
156 1453.7550 79 20.03 266994 32.18
157 1455.4279 70 18.93 267365 32.18
158 1480.6020 25 11.02 271945 32.18
159 1497.9770 51 15.86 275061 32.07
160 1500.3459 110 22.78 275615 32.18
161 1501.6429 143 25.74 275803 32.18
162 1506.8990 39 13.53 276723 32.18
163 1543.5980 28 11.49 283499 32.18
164 1560.5369 63 17.91 286615 32.18
165 1565.2950 268 46.26 287535 32.07
166 1565.6409 63 17.91 287540 32.07
167 1566.2550 184 31.36 287728 32.18
168 1570.6219 236 40.44 288465 32.18
169 1579.5610 92 21.32 290126 32.18
170 1610.7270 39 13.53 295804 32.18
171 1634.2900 28 11.49 300201 32.18
172 1655.2189 49 15.48 304049 32.18
173 1668.3669 67 18.51 306433 32.18
174 1674.2139 71 19.06 307536 32.18
175 1688.2089 143 25.74 310103 32.18
176 1693.6309 48 15.29 311023 32.18
177 1694.3089 611 211.89 311211 32.18
178 1695.3830 30 11.83 311403 32.07
179 1712.6429 51 15.86 314519 32.18
180 1725.3819 412 92.93 316903 32.18
181 1736.7760 24 10.88 318943 32.18
182 1741.4160 159 27.66 319863 32.18
183 1742.2139 56 16.76 320051 32.18
184 1744.3489 39 13.53 320422 32.18
185 1747.3110 30 11.83 320976 32.18
186 1752.5319 352 66.89 321896 32.18
187 1763.9169 300 52.79 323925 32.18
188 1767.5510 44 14.51 324666 32.18
189 1782.6099 268 46.26 327416 32.18
190 1788.4610 145 25.96 328525 32.18
191 1797.6169 35 12.75 330177 32.18
192 1798.4899 152 26.78 330365 32.18
193 1805.4549 19 10.33 331651 32.07
194 1808.8690 24 10.88 332205 32.18
195 1809.8580 19 10.33 332393 32.18
196 1821.8540 159 27.66 334594 32.18
197 1830.8830 39 13.53 336246 32.18
198 1833.3149 255 43.96 336800 32.18
199 1835.8640 67 18.51 337173 32.18
200 1847.6429 46 14.91 339374 32.18
201 1849.7220 142 25.64 339745 32.18
202 1854.3280 30 11.83 340665 32.18
203 1863.7790 63 17.91 342317 32.18
204 1872.4899 127 24.18 343969 32.18
205 1878.2469 172 29.49 345072 32.18
206 1884.3029 480 130.21 346175 32.18
207 1887.3339 440 109.25 346738 32.18
208 1887.5830 30 11.83 346743 32.18
209 1891.6949 38 13.33 347480 32.18
210 1891.9479 294 51.51 347485 32.18
211 1900.3299 35 12.75 349146 32.18
212 1921.6459 48 15.29 352994 32.18
213 1924.8229 31 12.01 353548 32.18
214 1953.5050 252 43.42 358860 32.18
215 1962.6529 211 35.96 360521 32.18
216 1966.8120 28 11.49 361258 32.18
217 1977.3189 268 46.26 363276 32.18
218 1991.4210 60 17.43 365857 32.18
219 1996.3480 156 27.28 366777 32.18
220 1997.1860 248 42.69 366965 32.18
221 1997.2779 17 10.18 366970 32.18
222 2001.3950 231 39.55 367707 32.18
223 2006.8299 56 16.76 368630 32.18
224 2012.4439 35 12.75 369733 32.18
225 2013.2819 56 16.76 369921 32.18
226 2022.9530 79 20.03 371573 32.18
227 2031.9479 35 12.75 373225 32.07
