2.258301000000000058e-01 4.428107679180055989e+00
2.246093999999999868e-01 4.452173417497220065e+00
2.258301000000000058e-01 4.428107679180055989e+00
2.258301000000000058e-01 4.428107679180055989e+00
2.246093999999999868e-01 4.452173417497220065e+00
2.258301000000000058e-01 4.428107679180055989e+00
2.258301000000000058e-01 4.428107679180055989e+00
2.258301000000000058e-01 4.428107679180055989e+00
2.246093999999999868e-01 4.452173417497220065e+00
2.258301000000000058e-01 4.428107679180055989e+00
