2.221680000000000044e-01 4.501098267977386769e+00
2.221680000000000044e-01 4.501098267977386769e+00
2.221680000000000044e-01 4.501098267977386769e+00
2.221680000000000044e-01 4.501098267977386769e+00
2.221680000000000044e-01 4.501098267977386769e+00
2.221680000000000044e-01 4.501098267977386769e+00
2.221680000000000044e-01 4.501098267977386769e+00
2.221680000000000044e-01 4.501098267977386769e+00
2.221680000000000044e-01 4.501098267977386769e+00
2.221680000000000044e-01 4.501098267977386769e+00
