2.185059000000000029e-01 4.576535461971507068e+00
2.185059000000000029e-01 4.576535461971507068e+00
2.185059000000000029e-01 4.576535461971507068e+00
2.185059000000000029e-01 4.576535461971507068e+00
2.185059000000000029e-01 4.576535461971507068e+00
2.197265999999999941e-01 4.551110334388281053e+00
2.185059000000000029e-01 4.576535461971507068e+00
2.185059000000000029e-01 4.576535461971507068e+00
2.185059000000000029e-01 4.576535461971507068e+00
2.185059000000000029e-01 4.576535461971507068e+00
