2.172852000000000117e-01 4.602246264356707250e+00
2.160644999999999927e-01 4.628247583476230886e+00
2.160644999999999927e-01 4.628247583476230886e+00
2.160644999999999927e-01 4.628247583476230886e+00
2.160644999999999927e-01 4.628247583476230886e+00
2.160644999999999927e-01 4.628247583476230886e+00
2.160644999999999927e-01 4.628247583476230886e+00
2.160644999999999927e-01 4.628247583476230886e+00
2.160644999999999927e-01 4.628247583476230886e+00
2.160644999999999927e-01 4.628247583476230886e+00
