2.148436999999999986e-01 4.654546537785376081e+00
2.148436999999999986e-01 4.654546537785376081e+00
2.148436999999999986e-01 4.654546537785376081e+00
2.148436999999999986e-01 4.654546537785376081e+00
2.148436999999999986e-01 4.654546537785376081e+00
2.148436999999999986e-01 4.654546537785376081e+00
2.148436999999999986e-01 4.654546537785376081e+00
2.148436999999999986e-01 4.654546537785376081e+00
2.148436999999999986e-01 4.654546537785376081e+00
2.148436999999999986e-01 4.654546537785376081e+00
