4.760742000000000029e-01 2.100512903240713491e+00
4.760742000000000029e-01 2.100512903240713491e+00
4.760742000000000029e-01 2.100512903240713491e+00
4.760742000000000029e-01 2.100512903240713491e+00
4.760742000000000029e-01 2.100512903240713491e+00
4.760742000000000029e-01 2.100512903240713491e+00
4.760742000000000029e-01 2.100512903240713491e+00
4.760742000000000029e-01 2.100512903240713491e+00
4.760742000000000029e-01 2.100512903240713491e+00
4.760742000000000029e-01 2.100512903240713491e+00
