4.528808999999999751e-01 2.208086055296215822e+00
4.516602000000000117e-01 2.214053839590027994e+00
4.504394999999999927e-01 2.220053969511998737e+00
4.516602000000000117e-01 2.214053839590027994e+00
4.516602000000000117e-01 2.214053839590027994e+00
4.504394999999999927e-01 2.220053969511998737e+00
4.516602000000000117e-01 2.214053839590027994e+00
4.516602000000000117e-01 2.214053839590027994e+00
4.504394999999999927e-01 2.220053969511998737e+00
4.504394999999999927e-01 2.220053969511998737e+00
