2.111815999999999971e-01 4.735261026528826633e+00
2.111815999999999971e-01 4.735261026528826633e+00
2.111815999999999971e-01 4.735261026528826633e+00
2.111815999999999971e-01 4.735261026528826633e+00
2.111815999999999971e-01 4.735261026528826633e+00
2.111815999999999971e-01 4.735261026528826633e+00
2.111815999999999971e-01 4.735261026528826633e+00
2.111815999999999971e-01 4.735261026528826633e+00
2.111815999999999971e-01 4.735261026528826633e+00
2.111815999999999971e-01 4.735261026528826633e+00
