4.064941000000000249e-01 2.460060305918339019e+00
4.040526999999999869e-01 2.474924681854619557e+00
4.040526999999999869e-01 2.474924681854619557e+00
4.064941000000000249e-01 2.460060305918339019e+00
4.052734000000000059e-01 2.467470107833378723e+00
4.028320000000000234e-01 2.482424435000198493e+00
4.064941000000000249e-01 2.460060305918339019e+00
4.064941000000000249e-01 2.460060305918339019e+00
4.040526999999999869e-01 2.474924681854619557e+00
4.052734000000000059e-01 2.467470107833378723e+00
