2.075194999999999956e-01 4.818824255070005336e+00
2.075194999999999956e-01 4.818824255070005336e+00
2.087401999999999869e-01 4.790644063769221361e+00
2.075194999999999956e-01 4.818824255070005336e+00
2.075194999999999956e-01 4.818824255070005336e+00
2.075194999999999956e-01 4.818824255070005336e+00
2.087401999999999869e-01 4.790644063769221361e+00
2.075194999999999956e-01 4.818824255070005336e+00
2.087401999999999869e-01 4.790644063769221361e+00
2.075194999999999956e-01 4.818824255070005336e+00
