3.723144999999999927e-01 2.685901301184885348e+00
3.747558999999999751e-01 2.668403619529405635e+00
3.759765999999999941e-01 2.659739994457102075e+00
3.723144999999999927e-01 2.685901301184885348e+00
3.735352000000000117e-01 2.677123869450589666e+00
3.759765999999999941e-01 2.659739994457102075e+00
3.735352000000000117e-01 2.677123869450589666e+00
3.723144999999999927e-01 2.685901301184885348e+00
3.747558999999999751e-01 2.668403619529405635e+00
3.747558999999999751e-01 2.668403619529405635e+00
