2.062988000000000044e-01 4.847337938950686542e+00
2.062988000000000044e-01 4.847337938950686542e+00
2.062988000000000044e-01 4.847337938950686542e+00
2.062988000000000044e-01 4.847337938950686542e+00
2.062988000000000044e-01 4.847337938950686542e+00
2.062988000000000044e-01 4.847337938950686542e+00
2.062988000000000044e-01 4.847337938950686542e+00
2.062988000000000044e-01 4.847337938950686542e+00
2.050781000000000132e-01 4.876191070621387347e+00
2.062988000000000044e-01 4.847337938950686542e+00
