3.393554999999999766e-01 2.946762318571527484e+00
3.356933999999999751e-01 2.978908730406972794e+00
3.393554999999999766e-01 2.946762318571527484e+00
3.393554999999999766e-01 2.946762318571527484e+00
3.369140999999999941e-01 2.968115611664813080e+00
3.369140999999999941e-01 2.968115611664813080e+00
3.405761999999999956e-01 2.936200474372548719e+00
3.381348000000000131e-01 2.957400421370411703e+00
3.369140999999999941e-01 2.968115611664813080e+00
3.393554999999999766e-01 2.946762318571527484e+00
