2.050781000000000132e-01 4.876191070621387347e+00
2.038573999999999942e-01 4.905389747931642397e+00
2.038573999999999942e-01 4.905389747931642397e+00
2.050781000000000132e-01 4.876191070621387347e+00
2.050781000000000132e-01 4.876191070621387347e+00
2.038573999999999942e-01 4.905389747931642397e+00
2.038573999999999942e-01 4.905389747931642397e+00
2.038573999999999942e-01 4.905389747931642397e+00
2.038573999999999942e-01 4.905389747931642397e+00
2.050781000000000132e-01 4.876191070621387347e+00
