3.295897999999999883e-01 3.034074476819367483e+00
3.271484000000000059e-01 3.056716768292309983e+00
3.295897999999999883e-01 3.034074476819367483e+00
3.308105000000000073e-01 3.022878657116385259e+00
3.271484000000000059e-01 3.056716768292309983e+00
3.271484000000000059e-01 3.056716768292309983e+00
3.308105000000000073e-01 3.022878657116385259e+00
3.308105000000000073e-01 3.022878657116385259e+00
3.271484000000000059e-01 3.056716768292309983e+00
3.295897999999999883e-01 3.034074476819367483e+00
