2.966308999999999751e-01 3.371192953937031334e+00
3.002929999999999766e-01 3.330080954267998550e+00
2.978515999999999941e-01 3.357376626481106907e+00
2.954102000000000117e-01 3.385123465608161020e+00
2.990723000000000131e-01 3.343673085070064666e+00
2.990723000000000131e-01 3.343673085070064666e+00
2.966308999999999751e-01 3.371192953937031334e+00
2.966308999999999751e-01 3.371192953937031334e+00
3.002929999999999766e-01 3.330080954267998550e+00
2.990723000000000131e-01 3.343673085070064666e+00
