2.038573999999999942e-01 4.905389747931642397e+00
2.038573999999999942e-01 4.905389747931642397e+00
2.038573999999999942e-01 4.905389747931642397e+00
2.038573999999999942e-01 4.905389747931642397e+00
2.026367000000000029e-01 4.934940215666757446e+00
2.026367000000000029e-01 4.934940215666757446e+00
2.038573999999999942e-01 4.905389747931642397e+00
2.026367000000000029e-01 4.934940215666757446e+00
2.026367000000000029e-01 4.934940215666757446e+00
2.038573999999999942e-01 4.905389747931642397e+00
