2.587890999999999941e-01 3.864150383458963223e+00
2.575683999999999751e-01 3.882463842614233940e+00
2.612304999999999766e-01 3.828036925244181266e+00
2.612304999999999766e-01 3.828036925244181266e+00
2.587890999999999941e-01 3.864150383458963223e+00
2.600098000000000131e-01 3.846008881203708096e+00
2.624511999999999956e-01 3.810232149824424486e+00
2.600098000000000131e-01 3.846008881203708096e+00
2.575683999999999751e-01 3.882463842614233940e+00
2.612304999999999766e-01 3.828036925244181266e+00
