2.026367000000000029e-01 4.934940215666757446e+00
2.014160000000000117e-01 4.964848870000396985e+00
2.014160000000000117e-01 4.964848870000396985e+00
2.014160000000000117e-01 4.964848870000396985e+00
2.014160000000000117e-01 4.964848870000396985e+00
2.014160000000000117e-01 4.964848870000396985e+00
2.014160000000000117e-01 4.964848870000396985e+00
2.014160000000000117e-01 4.964848870000396985e+00
2.026367000000000029e-01 4.934940215666757446e+00
2.014160000000000117e-01 4.964848870000396985e+00
