2.392577999999999927e-01 4.179592055097054448e+00
2.380371000000000015e-01 4.201025806481426983e+00
2.380371000000000015e-01 4.201025806481426983e+00
2.392577999999999927e-01 4.179592055097054448e+00
2.380371000000000015e-01 4.201025806481426983e+00
2.380371000000000015e-01 4.201025806481426983e+00
2.392577999999999927e-01 4.179592055097054448e+00
2.380371000000000015e-01 4.201025806481426983e+00
2.380371000000000015e-01 4.201025806481426983e+00
2.380371000000000015e-01 4.201025806481426983e+00
