2.331543000000000088e-01 4.289005178115951722e+00
2.331543000000000088e-01 4.289005178115951722e+00
2.331543000000000088e-01 4.289005178115951722e+00
2.331543000000000088e-01 4.289005178115951722e+00
2.331543000000000088e-01 4.289005178115951722e+00
2.319335999999999898e-01 4.311578831182718119e+00
2.331543000000000088e-01 4.289005178115951722e+00
2.331543000000000088e-01 4.289005178115951722e+00
2.319335999999999898e-01 4.311578831182718119e+00
2.331543000000000088e-01 4.289005178115951722e+00
