2.294922000000000073e-01 4.357446571168867244e+00
2.294922000000000073e-01 4.357446571168867244e+00
2.294922000000000073e-01 4.357446571168867244e+00
2.307128999999999985e-01 4.334391358263885330e+00
2.294922000000000073e-01 4.357446571168867244e+00
2.294922000000000073e-01 4.357446571168867244e+00
2.294922000000000073e-01 4.357446571168867244e+00
2.294922000000000073e-01 4.357446571168867244e+00
2.307128999999999985e-01 4.334391358263885330e+00
2.294922000000000073e-01 4.357446571168867244e+00
