# 0-0
-4.687800000000000011e+01 -1.442399999999999949e+01 1.335840000000000032e+02 1.423034915804949776e+02
-4.807999999999999829e+01 -1.322199999999999953e+01 1.316479999999999961e+02 1.407753657001110525e+02
-4.687800000000000011e+01 -1.442399999999999949e+01 1.297119999999999891e+02 1.386751657796016275e+02
-4.807999999999999829e+01 -1.442399999999999949e+01 1.316479999999999961e+02 1.408933429229358580e+02
-4.807999999999999829e+01 -1.442399999999999949e+01 1.335840000000000032e+02 1.427039706245064679e+02
-4.687800000000000011e+01 -1.322199999999999953e+01 1.316479999999999961e+02 1.403693843827777243e+02
-4.687800000000000011e+01 -1.322199999999999953e+01 1.316479999999999961e+02 1.403693843827777243e+02
-4.687800000000000011e+01 -1.322199999999999953e+01 1.335840000000000032e+02 1.421866844117268442e+02
-4.687800000000000011e+01 -1.442399999999999949e+01 1.316479999999999961e+02 1.404877025365565544e+02
-4.687800000000000011e+01 -1.442399999999999949e+01 1.316479999999999961e+02 1.404877025365565544e+02
