# 0-1
-4.567600000000000193e+01 -8.413999999999999702e+00 1.432640000000000100e+02 1.506043361527150921e+02
-4.567600000000000193e+01 -8.413999999999999702e+00 1.432640000000000100e+02 1.506043361527150921e+02
-4.687800000000000011e+01 -7.211999999999999744e+00 1.432640000000000100e+02 1.509110119374991257e+02
-4.567600000000000193e+01 -8.413999999999999702e+00 1.432640000000000100e+02 1.506043361527150921e+02
-4.687800000000000011e+01 -9.615999999999999659e+00 1.432640000000000100e+02 1.510449867953253147e+02
-4.567600000000000193e+01 -8.413999999999999702e+00 1.432640000000000100e+02 1.506043361527150921e+02
-4.687800000000000011e+01 -8.413999999999999702e+00 1.432640000000000100e+02 1.509732293355348531e+02
-4.687800000000000011e+01 -8.413999999999999702e+00 1.451999999999999886e+02 1.528115907907512110e+02
-4.687800000000000011e+01 -8.413999999999999702e+00 1.432640000000000100e+02 1.509732293355348531e+02
-4.567600000000000193e+01 -8.413999999999999702e+00 1.432640000000000100e+02 1.506043361527150921e+02
