# 0-2
-4.447399999999999665e+01 -2.403999999999999915e+00 1.510080000000000098e+02 1.574392960985281036e+02
-4.447399999999999665e+01 -2.403999999999999915e+00 1.510080000000000098e+02 1.574392960985281036e+02
-4.447399999999999665e+01 -2.403999999999999915e+00 1.510080000000000098e+02 1.574392960985281036e+02
-4.447399999999999665e+01 -2.403999999999999915e+00 1.510080000000000098e+02 1.574392960985281036e+02
-4.447399999999999665e+01 -3.605999999999999872e+00 1.510080000000000098e+02 1.574622366664465005e+02
-4.447399999999999665e+01 -2.403999999999999915e+00 1.510080000000000098e+02 1.574392960985281036e+02
-4.447399999999999665e+01 -3.605999999999999872e+00 1.510080000000000098e+02 1.574622366664465005e+02
-4.447399999999999665e+01 -3.605999999999999872e+00 1.510080000000000098e+02 1.574622366664465005e+02
-4.447399999999999665e+01 -2.403999999999999915e+00 1.510080000000000098e+02 1.574392960985281036e+02
-4.447399999999999665e+01 -3.605999999999999872e+00 1.529439999999999884e+02 1.593198262866238224e+02
