# 0-3
-4.447399999999999665e+01 3.605999999999999872e+00 1.510080000000000098e+02 1.574622366664465005e+02
-4.567600000000000193e+01 3.605999999999999872e+00 1.490720000000000027e+02 1.559543567714605388e+02
-4.567600000000000193e+01 4.807999999999999829e+00 1.490720000000000027e+02 1.559867783627830420e+02
-4.447399999999999665e+01 3.605999999999999872e+00 1.490720000000000027e+02 1.556065586535477792e+02
-4.567600000000000193e+01 4.807999999999999829e+00 1.490720000000000027e+02 1.559867783627830420e+02
-4.567600000000000193e+01 3.605999999999999872e+00 1.510080000000000098e+02 1.578059449957447100e+02
-4.447399999999999665e+01 3.605999999999999872e+00 1.490720000000000027e+02 1.556065586535477792e+02
-4.567600000000000193e+01 3.605999999999999872e+00 1.490720000000000027e+02 1.559543567714605388e+02
-4.567600000000000193e+01 4.807999999999999829e+00 1.490720000000000027e+02 1.559867783627830420e+02
-4.567600000000000193e+01 3.605999999999999872e+00 1.490720000000000027e+02 1.559543567714605388e+02
