# 0-4
-5.649399999999999977e+01 1.322199999999999953e+01 1.277759999999999962e+02 1.403321042954889890e+02
-5.769599999999999795e+01 1.322199999999999953e+01 1.258400000000000034e+02 1.390660105849017327e+02
-5.649399999999999977e+01 1.322199999999999953e+01 1.277759999999999962e+02 1.403321042954889890e+02
-5.769599999999999795e+01 1.201999999999999957e+01 1.258400000000000034e+02 1.389568797001429630e+02
-5.649399999999999977e+01 1.201999999999999957e+01 1.258400000000000034e+02 1.384621176928910131e+02
-5.649399999999999977e+01 1.201999999999999957e+01 1.277759999999999962e+02 1.402239587659683764e+02
-5.649399999999999977e+01 1.201999999999999957e+01 1.258400000000000034e+02 1.384621176928910131e+02
-5.649399999999999977e+01 1.201999999999999957e+01 1.258400000000000034e+02 1.384621176928910131e+02
-5.649399999999999977e+01 1.201999999999999957e+01 1.277759999999999962e+02 1.402239587659683764e+02
-5.649399999999999977e+01 1.081799999999999962e+01 1.258400000000000034e+02 1.383629529895918324e+02
