# 0-5
-6.971599999999999397e+01 1.201999999999999957e+01 1.006719999999999970e+02 1.230432957946104437e+02
-6.971599999999999397e+01 1.201999999999999957e+01 1.006719999999999970e+02 1.230432957946104437e+02
-6.851399999999999579e+01 1.322199999999999953e+01 1.006719999999999970e+02 1.224901672135359547e+02
-6.851399999999999579e+01 1.322199999999999953e+01 1.026080000000000041e+02 1.240862246343243385e+02
-6.971599999999999397e+01 1.322199999999999953e+01 1.026080000000000041e+02 1.247539322185877921e+02
-6.851399999999999579e+01 1.201999999999999957e+01 1.006719999999999970e+02 1.223662542533683961e+02
-6.851399999999999579e+01 1.201999999999999957e+01 1.006719999999999970e+02 1.223662542533683961e+02
-6.851399999999999579e+01 1.081799999999999962e+01 1.006719999999999970e+02 1.222540343056211753e+02
-6.851399999999999579e+01 1.201999999999999957e+01 1.006719999999999970e+02 1.223662542533683961e+02
-6.851399999999999579e+01 1.201999999999999957e+01 1.026080000000000041e+02 1.239639070858933536e+02
