# 0-6
-7.692799999999999727e+01 6.009999999999999787e+00 8.324800000000000466e+01 1.135088841809309628e+02
-7.692799999999999727e+01 6.009999999999999787e+00 8.131199999999999761e+01 1.120967378115884259e+02
-7.692799999999999727e+01 8.413999999999999702e+00 8.131199999999999761e+01 1.122512980949440902e+02
-7.692799999999999727e+01 8.413999999999999702e+00 8.131199999999999761e+01 1.122512980949440902e+02
-7.692799999999999727e+01 7.211999999999999744e+00 8.131199999999999761e+01 1.121676043784478765e+02
-7.812999999999999545e+01 8.413999999999999702e+00 8.131199999999999761e+01 1.130784402085561027e+02
-7.572599999999999909e+01 7.211999999999999744e+00 8.131199999999999761e+01 1.113466719933739171e+02
-7.692799999999999727e+01 7.211999999999999744e+00 8.131199999999999761e+01 1.121676043784478765e+02
-7.692799999999999727e+01 7.211999999999999744e+00 8.131199999999999761e+01 1.121676043784478765e+02
-7.692799999999999727e+01 7.211999999999999744e+00 8.131199999999999761e+01 1.121676043784478765e+02
