# 0-7
-7.812999999999999545e+01 -1.201999999999999957e+00 7.937600000000000477e+01 1.113835314577518574e+02
-7.812999999999999545e+01 0.000000000000000000e+00 7.937600000000000477e+01 1.113770455524835654e+02
-7.812999999999999545e+01 0.000000000000000000e+00 7.937600000000000477e+01 1.113770455524835654e+02
-7.933199999999999363e+01 1.201999999999999957e+00 7.937600000000000477e+01 1.122299443285970852e+02
-7.933199999999999363e+01 1.201999999999999957e+00 7.743999999999999773e+01 1.108691328909899880e+02
-7.812999999999999545e+01 1.201999999999999957e+00 7.937600000000000477e+01 1.113835314577518574e+02
-7.933199999999999363e+01 1.201999999999999957e+00 7.743999999999999773e+01 1.108691328909899880e+02
-7.812999999999999545e+01 1.201999999999999957e+00 7.937600000000000477e+01 1.113835314577518574e+02
-7.933199999999999363e+01 1.201999999999999957e+00 7.937600000000000477e+01 1.122299443285970852e+02
-7.812999999999999545e+01 1.201999999999999957e+00 7.937600000000000477e+01 1.113835314577518574e+02
