# 0-8
-7.812999999999999545e+01 0.000000000000000000e+00 8.324800000000000466e+01 1.141688504102585711e+02
-7.933199999999999363e+01 0.000000000000000000e+00 8.324800000000000466e+01 1.149947639155800942e+02
-7.812999999999999545e+01 0.000000000000000000e+00 8.324800000000000466e+01 1.141688504102585711e+02
-7.812999999999999545e+01 0.000000000000000000e+00 8.518399999999999750e+01 1.155881081945716318e+02
-7.812999999999999545e+01 0.000000000000000000e+00 8.324800000000000466e+01 1.141688504102585711e+02
-7.933199999999999363e+01 0.000000000000000000e+00 8.324800000000000466e+01 1.149947639155800942e+02
-7.812999999999999545e+01 -1.201999999999999957e+00 8.131199999999999761e+01 1.127713751268467917e+02
-7.933199999999999363e+01 0.000000000000000000e+00 8.131199999999999761e+01 1.136010896426614352e+02
-7.812999999999999545e+01 0.000000000000000000e+00 8.324800000000000466e+01 1.141688504102585711e+02
-7.933199999999999363e+01 -1.201999999999999957e+00 8.324800000000000466e+01 1.150010457865492555e+02
