# 1-0
-4.086800000000000210e+01 -1.803000000000000114e+01 1.490720000000000027e+02 1.556204855023913751e+02
-4.327199999999999847e+01 -9.615999999999999659e+00 1.529439999999999884e+02 1.592381881836138007e+02
-4.327199999999999847e+01 -9.615999999999999659e+00 1.529439999999999884e+02 1.592381881836138007e+02
-4.327199999999999847e+01 -1.081799999999999962e+01 1.529439999999999884e+02 1.593152919339508742e+02
-4.086800000000000210e+01 -1.682799999999999940e+01 1.510080000000000098e+02 1.573429091888160087e+02
-3.966599999999999682e+01 -1.682799999999999940e+01 1.510080000000000098e+02 1.570349935651286728e+02
-3.966599999999999682e+01 -1.562599999999999945e+01 1.510080000000000098e+02 1.569107373508900594e+02
-4.086800000000000210e+01 -1.682799999999999940e+01 1.510080000000000098e+02 1.573429091888160087e+02
-3.966599999999999682e+01 -1.562599999999999945e+01 1.510080000000000098e+02 1.569107373508900594e+02
-3.966599999999999682e+01 -1.682799999999999940e+01 1.510080000000000098e+02 1.570349935651286728e+02
