# 0-0
-4.447399999999999665e+01 -1.923199999999999932e+01 1.761759999999999877e+02 1.827177864248579340e+02
-4.447399999999999665e+01 -1.803000000000000114e+01 1.742400000000000091e+02 1.807279590323533682e+02
-4.447399999999999665e+01 -1.803000000000000114e+01 1.761759999999999877e+02 1.825951821708338514e+02
-4.447399999999999665e+01 -1.923199999999999932e+01 1.761759999999999877e+02 1.827177864248579340e+02
-4.327199999999999847e+01 -2.043400000000000105e+01 1.742400000000000091e+02 1.806919808403239642e+02
-4.327199999999999847e+01 -1.923199999999999932e+01 1.761759999999999877e+02 1.824289417389685752e+02
-4.447399999999999665e+01 -1.923199999999999932e+01 1.742400000000000091e+02 1.808518291309214305e+02
-4.447399999999999665e+01 -1.923199999999999932e+01 1.761759999999999877e+02 1.827177864248579340e+02
-4.447399999999999665e+01 -1.923199999999999932e+01 1.742400000000000091e+02 1.808518291309214305e+02
-4.327199999999999847e+01 -2.043400000000000105e+01 1.761759999999999877e+02 1.825595719648794386e+02
