# 0-1
1.682799999999999940e+01 -5.168599999999999994e+01 3.833279999999999745e+02 3.871627303395821400e+02
1.682799999999999940e+01 -5.409000000000000341e+01 3.833279999999999745e+02 3.874909873377702070e+02
1.562599999999999945e+01 -4.807999999999999829e+01 3.833279999999999745e+02 3.866474025000038637e+02
1.562599999999999945e+01 -4.807999999999999829e+01 3.852640000000000100e+02 3.885668642228773706e+02
1.562599999999999945e+01 -4.807999999999999829e+01 3.833279999999999745e+02 3.866474025000038637e+02
1.322199999999999953e+01 -4.567600000000000193e+01 3.833279999999999745e+02 3.862660661305882286e+02
1.322199999999999953e+01 -4.447399999999999665e+01 3.833279999999999745e+02 3.861257742549698833e+02
1.322199999999999953e+01 -4.447399999999999665e+01 3.833279999999999745e+02 3.861257742549698833e+02
1.322199999999999953e+01 -4.447399999999999665e+01 3.833279999999999745e+02 3.861257742549698833e+02
1.322199999999999953e+01 -4.447399999999999665e+01 3.833279999999999745e+02 3.861257742549698833e+02
