# 0-2
1.346239999999999952e+02 -3.005000000000000071e+01 6.756639999999999873e+02 6.896002209773428149e+02
1.322199999999999989e+02 -2.163599999999999923e+01 6.892160000000000082e+02 7.021174684851531538e+02
1.346239999999999952e+02 -2.884799999999999898e+01 6.969600000000000364e+02 7.104287931101893037e+02
1.370279999999999916e+02 -3.005000000000000071e+01 6.969600000000000364e+02 7.109380541819379005e+02
1.358259999999999934e+02 -2.884799999999999898e+01 6.911520000000000437e+02 7.049624078516527561e+02
1.358259999999999934e+02 -2.884799999999999898e+01 6.892160000000000082e+02 7.030644380396437327e+02
1.358259999999999934e+02 -3.005000000000000071e+01 6.911520000000000437e+02 7.050126182416879601e+02
1.370279999999999916e+02 -3.005000000000000071e+01 6.911520000000000437e+02 7.052451789186509359e+02
1.370279999999999916e+02 -3.125199999999999889e+01 6.892160000000000082e+02 7.034003518224881191e+02
1.358259999999999934e+02 -3.005000000000000071e+01 6.872799999999999727e+02 7.012171583582363610e+02
