# 0-3
1.742899999999999920e+02 1.754919999999999902e+02 7.860159999999999627e+02 8.240118921593303867e+02
1.742899999999999920e+02 1.754919999999999902e+02 7.860159999999999627e+02 8.240118921593303867e+02
1.502500000000000000e+02 1.839060000000000059e+02 7.608479999999999563e+02 7.970484040759381514e+02
1.526539999999999964e+02 1.827040000000000077e+02 7.647200000000000273e+02 8.009248864481612600e+02
1.526539999999999964e+02 1.827040000000000077e+02 7.608479999999999563e+02 7.972287466191870635e+02
1.562599999999999909e+02 1.815020000000000095e+02 7.627839999999999918e+02 7.994995899060862712e+02
1.550579999999999927e+02 1.827040000000000077e+02 7.685919999999999845e+02 8.050822302373837829e+02
1.538559999999999945e+02 1.827040000000000077e+02 7.705280000000000200e+02 8.067005758867413761e+02
1.526539999999999964e+02 1.827040000000000077e+02 7.705280000000000200e+02 8.064721905410006002e+02
1.502500000000000000e+02 1.839060000000000059e+02 7.685919999999999845e+02 8.044439954403289903e+02
