# 0-4
-2.956920000000000073e+02 1.911179999999999950e+02 -2.691039999999999850e+02 4.431442334093945874e+02
-2.920860000000000127e+02 1.887139999999999986e+02 -2.787839999999999918e+02 4.456991405062387912e+02
-2.968940000000000055e+02 1.947239999999999895e+02 -2.807200000000000273e+02 4.526225820835721834e+02
-2.944900000000000091e+02 1.911179999999999950e+02 -2.826560000000000059e+02 4.507159464230215349e+02
-3.005000000000000000e+02 1.983300000000000125e+02 -2.807200000000000273e+02 4.565509361506117898e+02
-3.029039999999999964e+02 2.007340000000000089e+02 -2.807200000000000273e+02 4.591826329163593527e+02
-3.041059999999999945e+02 2.007340000000000089e+02 -2.807200000000000273e+02 4.599764302570296195e+02
-3.017019999999999982e+02 1.983300000000000125e+02 -2.807200000000000273e+02 4.573429830050965279e+02
-3.029039999999999964e+02 1.995320000000000107e+02 -2.826560000000000059e+02 4.598459161240861022e+02
-3.041059999999999945e+02 2.007340000000000089e+02 -2.826560000000000059e+02 4.611605060366726434e+02
