# 0-5
-1.959259999999999877e+02 -1.177960000000000065e+02 -5.382079999999999700e+02 5.847484470744662985e+02
-1.959259999999999877e+02 -1.189980000000000047e+02 -5.382079999999999700e+02 5.849917715181983340e+02
-1.887139999999999986e+02 -1.226039999999999992e+02 -5.382079999999999700e+02 5.833631509411611660e+02
-1.959259999999999877e+02 -1.238059999999999974e+02 -5.440159999999999627e+02 5.913276007155424168e+02
-2.067439999999999998e+02 -1.189980000000000047e+02 -5.517599999999999909e+02 6.011178779074866725e+02
-2.007340000000000089e+02 -1.202000000000000028e+02 -5.517599999999999909e+02 5.993173419449832409e+02
-1.935219999999999914e+02 -1.250079999999999956e+02 -5.227200000000000273e+02 5.712389718392820441e+02
-1.995320000000000107e+02 -1.286140000000000043e+02 -5.207839999999999918e+02 5.723377976999247494e+02
-2.019360000000000070e+02 -1.274120000000000061e+02 -5.188479999999999563e+02 5.711525303664511739e+02
-2.115519999999999925e+02 -1.238059999999999974e+02 -5.265919999999999845e+02 5.808453398315252798e+02
