# 0-6
-1.262099999999999937e+02 -6.851399999999999579e+01 -1.684319999999999879e+02 2.213424291002517919e+02
-1.262099999999999937e+02 -6.851399999999999579e+01 -1.684319999999999879e+02 2.213424291002517919e+02
-1.262099999999999937e+02 -6.851399999999999579e+01 -1.703679999999999950e+02 2.228191816698014804e+02
-1.262099999999999937e+02 -6.851399999999999579e+01 -1.703679999999999950e+02 2.228191816698014804e+02
-1.262099999999999937e+02 -6.851399999999999579e+01 -1.703679999999999950e+02 2.228191816698014804e+02
-1.262099999999999937e+02 -6.851399999999999579e+01 -1.703679999999999950e+02 2.228191816698014804e+02
-1.250079999999999956e+02 -6.971599999999999397e+01 -1.703679999999999950e+02 2.225142155998128430e+02
-1.250079999999999956e+02 -6.971599999999999397e+01 -1.703679999999999950e+02 2.225142155998128430e+02
-1.250079999999999956e+02 -6.851399999999999579e+01 -1.703679999999999950e+02 2.221405493915957550e+02
-1.250079999999999956e+02 -6.851399999999999579e+01 -1.703679999999999950e+02 2.221405493915957550e+02
