# 0-7
-8.774599999999999511e+01 -3.365599999999999881e+01 -1.742399999999999949e+01 9.558076494776550192e+01
-8.774599999999999511e+01 -3.485799999999999699e+01 -1.742399999999999949e+01 9.601060595580051427e+01
-8.774599999999999511e+01 -3.365599999999999881e+01 -1.935999999999999943e+01 9.595257397277052291e+01
-8.654399999999999693e+01 -3.365599999999999881e+01 -1.742399999999999949e+01 9.447849516159747907e+01
-8.654399999999999693e+01 -3.485799999999999699e+01 -1.548799999999999955e+01 9.457707039235249624e+01
-8.654399999999999693e+01 -3.485799999999999699e+01 -1.548799999999999955e+01 9.457707039235249624e+01
-8.654399999999999693e+01 -3.485799999999999699e+01 -1.742399999999999949e+01 9.491332823160296073e+01
-8.654399999999999693e+01 -3.606000000000000227e+01 -1.548799999999999955e+01 9.502665773350128120e+01
-8.654399999999999693e+01 -3.606000000000000227e+01 -1.742399999999999949e+01 9.536133027595619183e+01
-8.654399999999999693e+01 -3.485799999999999699e+01 -1.548799999999999955e+01 9.457707039235249624e+01
