# 2-0
-3.606000000000000227e+01 -2.283800000000000097e+01 1.800480000000000018e+02 1.850383207554586420e+02
-3.606000000000000227e+01 -2.283800000000000097e+01 1.800480000000000018e+02 1.850383207554586420e+02
-3.606000000000000227e+01 -2.283800000000000097e+01 1.800480000000000018e+02 1.850383207554586420e+02
-3.606000000000000227e+01 -2.524200000000000088e+01 1.800480000000000018e+02 1.853503829723586023e+02
-3.606000000000000227e+01 -2.524200000000000088e+01 1.781119999999999948e+02 1.834703428568224979e+02
-3.606000000000000227e+01 -2.524200000000000088e+01 1.781119999999999948e+02 1.834703428568224979e+02
-3.606000000000000227e+01 -2.403999999999999915e+01 1.800480000000000018e+02 1.851905167766427383e+02
-3.606000000000000227e+01 -2.524200000000000088e+01 1.781119999999999948e+02 1.834703428568224979e+02
-3.606000000000000227e+01 -2.403999999999999915e+01 1.781119999999999948e+02 1.833088370592099920e+02
-3.606000000000000227e+01 -2.403999999999999915e+01 1.781119999999999948e+02 1.833088370592099920e+02
