# 1-0
-3.245400000000000063e+01 -3.245400000000000063e+01 2.439360000000000070e+02 2.482162289778813147e+02
-3.365599999999999881e+01 -3.245400000000000063e+01 2.420000000000000000e+02 2.464751274510269923e+02
-3.125199999999999889e+01 -3.245400000000000063e+01 2.420000000000000000e+02 2.461583832007352157e+02
-3.245400000000000063e+01 -3.365599999999999881e+01 2.420000000000000000e+02 2.464751274510269923e+02
-3.125199999999999889e+01 -3.365599999999999881e+01 2.420000000000000000e+02 2.463197390385106758e+02
-3.125199999999999889e+01 -3.365599999999999881e+01 2.420000000000000000e+02 2.463197390385106758e+02
-3.245400000000000063e+01 -3.365599999999999881e+01 2.420000000000000000e+02 2.464751274510269923e+02
-3.245400000000000063e+01 -3.365599999999999881e+01 2.420000000000000000e+02 2.464751274510269923e+02
-3.245400000000000063e+01 -3.365599999999999881e+01 2.420000000000000000e+02 2.464751274510269923e+02
