# 1-1
7.572599999999999909e+01 -2.091479999999999961e+02 7.705280000000000200e+02 8.019917155208026998e+02
7.452400000000000091e+01 -2.055420000000000016e+02 7.705280000000000200e+02 8.009461524497137361e+02
7.452400000000000091e+01 -2.067439999999999998e+02 7.705280000000000200e+02 8.012554567027921166e+02
7.572599999999999909e+01 -2.079459999999999980e+02 7.685919999999999845e+02 7.998184971954574394e+02
7.572599999999999909e+01 -2.091479999999999961e+02 7.685919999999999845e+02 8.001318487874357288e+02
7.572599999999999909e+01 -2.091479999999999961e+02 7.685919999999999845e+02 8.001318487874357288e+02
7.572599999999999909e+01 -2.091479999999999961e+02 7.685919999999999845e+02 8.001318487874357288e+02
7.572599999999999909e+01 -2.079459999999999980e+02 7.685919999999999845e+02 7.998184971954574394e+02
7.692799999999999727e+01 -2.127539999999999907e+02 7.705280000000000200e+02 8.030539088280437454e+02
7.572599999999999909e+01 -2.103499999999999943e+02 7.685919999999999845e+02 8.004468827099021837e+02
