# 1-2
2.355920000000000130e+02 -1.021700000000000017e+02 9.118559999999999945e+02 9.473244766710083695e+02
2.343899999999999864e+02 -1.033719999999999999e+02 9.137920000000000300e+02 9.490206856270310709e+02
2.404000000000000057e+02 -1.081800000000000068e+02 9.312160000000000082e+02 9.678110926498001163e+02
2.295819999999999936e+02 -1.057759999999999962e+02 9.137920000000000300e+02 9.481098439337079071e+02
2.295819999999999936e+02 -1.057759999999999962e+02 9.099199999999999591e+02 9.443785593182428784e+02
2.283799999999999955e+02 -1.057759999999999962e+02 9.118559999999999945e+02 9.459531443533553556e+02
2.331879999999999882e+02 -1.069779999999999944e+02 9.176639999999999873e+02 9.528526395639569273e+02
2.331879999999999882e+02 -1.081800000000000068e+02 9.176639999999999873e+02 9.529883381448064483e+02
2.355920000000000130e+02 -1.081800000000000068e+02 9.215359999999999445e+02 9.573061694985569829e+02
2.355920000000000130e+02 -1.081800000000000068e+02 9.215359999999999445e+02 9.573061694985569829e+02
