# 1-3
1.742899999999999920e+02 1.646740000000000066e+02 6.988959999999999582e+02 7.388843950118313160e+02
1.730879999999999939e+02 1.634720000000000084e+02 6.950240000000000009e+02 7.346706140196434944e+02
1.694819999999999993e+02 1.598660000000000139e+02 6.950240000000000009e+02 7.330345468366411978e+02
1.670780000000000030e+02 1.586639999999999873e+02 6.969600000000000364e+02 7.340589653290803653e+02
1.706839999999999975e+02 1.658760000000000048e+02 7.027680000000000291e+02 7.419775852786929136e+02
1.718859999999999957e+02 1.658760000000000048e+02 7.027680000000000291e+02 7.422550142612712989e+02
1.718859999999999957e+02 1.658760000000000048e+02 7.027680000000000291e+02 7.422550142612712989e+02
1.706839999999999975e+02 1.646740000000000066e+02 7.047039999999999509e+02 7.435444046914750515e+02
1.706839999999999975e+02 1.646740000000000066e+02 7.027680000000000291e+02 7.417097922745796268e+02
1.706839999999999975e+02 1.646740000000000066e+02 7.047039999999999509e+02 7.435444046914750515e+02
