# 1-4
-4.062760000000000105e+02 3.077119999999999891e+02 -3.291200000000000045e+02 6.066851222174481109e+02
-4.062760000000000105e+02 3.101159999999999854e+02 -3.291200000000000045e+02 6.079079667449670978e+02
-4.014680000000000177e+02 3.041059999999999945e+02 -3.310559999999999832e+02 6.027064703452252843e+02
-4.098820000000000050e+02 3.113179999999999836e+02 -3.291200000000000045e+02 6.109354511304774178e+02
-4.098820000000000050e+02 3.125199999999999818e+02 -3.291200000000000045e+02 6.115488359272708294e+02
-4.086800000000000068e+02 3.101159999999999854e+02 -3.291200000000000045e+02 6.095172272019881348e+02
-4.074780000000000086e+02 3.077119999999999891e+02 -3.291200000000000045e+02 6.074907158368760065e+02
-4.074780000000000086e+02 3.077119999999999891e+02 -3.291200000000000045e+02 6.074907158368760065e+02
-4.062760000000000105e+02 3.065099999999999909e+02 -3.291200000000000045e+02 6.060763505334950878e+02
-4.086800000000000068e+02 3.089139999999999873e+02 -3.291200000000000045e+02 6.089065414297994039e+02
