# 1-5
-2.788639999999999759e+02 -3.365599999999999881e+01 -4.375360000000000014e+02 5.199380810519652414e+02
-2.800659999999999741e+02 -3.125199999999999889e+01 -4.375360000000000014e+02 5.204338605010245828e+02
-2.764599999999999795e+02 -3.485799999999999699e+01 -4.336639999999999873e+02 5.154703450830124893e+02
-2.752579999999999814e+02 -3.726200000000000045e+01 -4.336639999999999873e+02 5.149950369702605713e+02
-2.752579999999999814e+02 -3.606000000000000227e+01 -4.317280000000000086e+02 5.132799978062655555e+02
-2.764599999999999795e+02 -3.485799999999999699e+01 -4.317280000000000086e+02 5.138426585522070127e+02
-2.776619999999999777e+02 -3.485799999999999699e+01 -4.336639999999999873e+02 5.161160056653930042e+02
-2.764599999999999795e+02 -3.485799999999999699e+01 -4.336639999999999873e+02 5.154703450830124893e+02
-2.776619999999999777e+02 -3.485799999999999699e+01 -4.336639999999999873e+02 5.161160056653930042e+02
-2.776619999999999777e+02 -3.365599999999999881e+01 -4.336639999999999873e+02 5.160362172134820185e+02
