# 1-6
-1.935219999999999914e+02 -7.452400000000000091e+01 -2.845919999999999845e+02 3.521323579621730460e+02
-1.935219999999999914e+02 -7.572599999999999909e+01 -2.865280000000000200e+02 3.539540737779408914e+02
-1.935219999999999914e+02 -7.332200000000000273e+01 -2.845919999999999845e+02 3.518799321245813871e+02
-1.935219999999999914e+02 -7.452400000000000091e+01 -2.903999999999999773e+02 3.568427539687473882e+02
-1.827040000000000077e+02 -7.332200000000000273e+01 -2.652320000000000277e+02 3.303102800761732283e+02
-1.815020000000000095e+02 -7.452400000000000091e+01 -2.632959999999999923e+02 3.283619743453861020e+02
-1.815020000000000095e+02 -7.332200000000000273e+01 -2.652320000000000277e+02 3.296469406986814761e+02
-1.839060000000000059e+02 -7.452400000000000091e+01 -2.710400000000000205e+02 3.359135677700440965e+02
-1.875120000000000005e+02 -7.692799999999999727e+01 -2.787839999999999918e+02 3.446725779402823377e+02
-1.887139999999999986e+02 -7.572599999999999909e+01 -2.807200000000000273e+02 3.466282147661958675e+02
