# 1-7
-1.069779999999999944e+02 -3.005000000000000071e+01 -5.614399999999999835e+01 1.244967618856008613e+02
-1.069779999999999944e+02 -3.005000000000000071e+01 -5.807999999999999829e+01 1.253817426262691583e+02
-1.057759999999999962e+02 -3.365599999999999881e+01 -5.420799999999999841e+01 1.235305459228607106e+02
-1.057759999999999962e+02 -3.365599999999999881e+01 -5.420799999999999841e+01 1.235305459228607106e+02
-1.057759999999999962e+02 -3.245400000000000063e+01 -5.420799999999999841e+01 1.232084881653857451e+02
-1.057759999999999962e+02 -3.125199999999999889e+01 -5.614399999999999835e+01 1.237634777145503335e+02
-1.057759999999999962e+02 -3.245400000000000063e+01 -5.420799999999999841e+01 1.232084881653857451e+02
-1.057759999999999962e+02 -3.245400000000000063e+01 -5.420799999999999841e+01 1.232084881653857451e+02
-1.057759999999999962e+02 -3.125199999999999889e+01 -5.420799999999999841e+01 1.228973431120461584e+02
-1.069779999999999944e+02 -3.005000000000000071e+01 -5.807999999999999829e+01 1.253817426262691583e+02
