# 3-0
-3.485799999999999699e+01 -3.966599999999999682e+01 2.148959999999999866e+02 2.212888667240175380e+02
-3.606000000000000227e+01 -3.846399999999999864e+01 2.168319999999999936e+02 2.231499924266187236e+02
-3.485799999999999699e+01 -3.846399999999999864e+01 2.148959999999999866e+02 2.210765710698444764e+02
-3.606000000000000227e+01 -3.846399999999999864e+01 2.168319999999999936e+02 2.231499924266187236e+02
-3.125199999999999889e+01 -3.846399999999999864e+01 2.168319999999999936e+02 2.224236566195241664e+02
-3.245400000000000063e+01 -3.726200000000000045e+01 2.187680000000000007e+02 2.242791933818204200e+02
-3.125199999999999889e+01 -3.966599999999999682e+01 2.168319999999999936e+02 2.226346677496566144e+02
-3.125199999999999889e+01 -4.086800000000000210e+01 2.187680000000000007e+02 2.247361091413660574e+02
-3.125199999999999889e+01 -4.086800000000000210e+01 2.168319999999999936e+02 2.228519624145140767e+02
-3.125199999999999889e+01 -4.086800000000000210e+01 2.187680000000000007e+02 2.247361091413660574e+02
