# 2-0
-2.524200000000000088e+01 -7.212000000000000455e+01 3.368639999999999759e+02 3.454212029682022376e+02
-2.644399999999999906e+01 -7.091800000000000637e+01 3.388000000000000114e+02 3.471513904048203472e+02
-2.524200000000000088e+01 -7.212000000000000455e+01 3.368639999999999759e+02 3.454212029682022376e+02
-2.644399999999999906e+01 -6.971599999999999397e+01 3.368639999999999759e+02 3.450173333152987993e+02
-2.644399999999999906e+01 -6.971599999999999397e+01 3.368639999999999759e+02 3.450173333152987993e+02
-2.644399999999999906e+01 -7.091800000000000637e+01 3.368639999999999759e+02 3.452622226018942797e+02
-2.524200000000000088e+01 -7.091800000000000637e+01 3.368639999999999759e+02 3.451722407494553977e+02
-2.644399999999999906e+01 -7.091800000000000637e+01 3.368639999999999759e+02 3.452622226018942797e+02
-2.644399999999999906e+01 -7.091800000000000637e+01 3.368639999999999759e+02 3.452622226018942797e+02
-2.524200000000000088e+01 -7.212000000000000455e+01 3.368639999999999759e+02 3.454212029682022376e+02
