# 2-1
6.009999999999999787e+00 -4.567599999999999909e+02 1.177087999999999965e+03 1.262617114347813640e+03
7.211999999999999744e+00 -4.639719999999999800e+02 1.177087999999999965e+03 1.265250247766029815e+03
6.009999999999999787e+00 -4.543559999999999945e+02 1.179023999999999887e+03 1.263555731818743197e+03
6.009999999999999787e+00 -4.531539999999999964e+02 1.179023999999999887e+03 1.263124008319056429e+03
4.807999999999999829e+00 -4.543559999999999945e+02 1.179023999999999887e+03 1.263550586314612019e+03
4.807999999999999829e+00 -4.507500000000000000e+02 1.179023999999999887e+03 1.262258401413909951e+03
6.009999999999999787e+00 -4.543559999999999945e+02 1.179023999999999887e+03 1.263555731818743197e+03
6.009999999999999787e+00 -4.567599999999999909e+02 1.177087999999999965e+03 1.262617114347813640e+03
6.009999999999999787e+00 -4.579619999999999891e+02 1.177087999999999965e+03 1.263052442809877903e+03
8.413999999999999702e+00 -4.663759999999999764e+02 1.177087999999999965e+03 1.266141196121506709e+03
