# 2-6
-2.223700000000000045e+02 -2.416020000000000039e+02 -6.872799999999999727e+02 7.616913690622993727e+02
-2.211680000000000064e+02 -2.416020000000000039e+02 -6.892160000000000082e+02 7.630894477608768511e+02
-2.211680000000000064e+02 -2.416020000000000039e+02 -6.872799999999999727e+02 7.613413222911258345e+02
-2.223700000000000045e+02 -2.416020000000000039e+02 -6.872799999999999727e+02 7.616913690622993727e+02
-2.223700000000000045e+02 -2.416020000000000039e+02 -6.872799999999999727e+02 7.616913690622993727e+02
-2.235720000000000027e+02 -2.379960000000000093e+02 -6.892160000000000082e+02 7.626566920023714147e+02
-2.235720000000000027e+02 -2.391980000000000075e+02 -6.872799999999999727e+02 7.612843889033847518e+02
-2.247740000000000009e+02 -2.428040000000000020e+02 -7.047039999999999509e+02 7.785145220919131361e+02
-2.247740000000000009e+02 -2.391980000000000075e+02 -6.892160000000000082e+02 7.633857012912935716e+02
-2.223700000000000045e+02 -2.440060000000000002e+02 -6.911520000000000437e+02 7.659493664988568753e+02
