# 2-7
-8.534199999999999875e+01 -4.687800000000000011e+01 -8.905599999999999739e+01 1.319536849959105780e+02
-8.414000000000000057e+01 -5.168599999999999994e+01 -9.679999999999999716e+01 1.382795075056315284e+02
-8.293800000000000239e+01 -5.168599999999999994e+01 -9.873600000000000421e+01 1.389206684982475792e+02
-8.534199999999999875e+01 -5.168599999999999994e+01 -9.679999999999999716e+01 1.390141703568380649e+02
-8.414000000000000057e+01 -5.168599999999999994e+01 -9.873600000000000421e+01 1.396416123224019543e+02
-8.534199999999999875e+01 -5.288799999999999812e+01 -9.873600000000000421e+01 1.408161752214567173e+02
-8.534199999999999875e+01 -5.288799999999999812e+01 -1.026080000000000041e+02 1.435576510395736420e+02
-8.534199999999999875e+01 -5.409000000000000341e+01 -1.064800000000000040e+02 1.467888805870526596e+02
-8.654399999999999693e+01 -5.288799999999999812e+01 -1.064800000000000040e+02 1.470543942900041259e+02
-8.654399999999999693e+01 -5.409000000000000341e+01 -1.064800000000000040e+02 1.474909571329713742e+02
