# 4-0
-4.447399999999999665e+01 -5.769599999999999795e+01 2.536160000000000139e+02 2.638708785523707547e+02
-4.447399999999999665e+01 -5.769599999999999795e+01 2.536160000000000139e+02 2.638708785523707547e+02
-4.327199999999999847e+01 -5.769599999999999795e+01 2.536160000000000139e+02 2.636709499660514666e+02
-4.327199999999999847e+01 -5.769599999999999795e+01 2.536160000000000139e+02 2.636709499660514666e+02
-4.447399999999999665e+01 -5.769599999999999795e+01 2.536160000000000139e+02 2.638708785523707547e+02
-4.327199999999999847e+01 -5.769599999999999795e+01 2.536160000000000139e+02 2.636709499660514666e+02
-4.447399999999999665e+01 -5.769599999999999795e+01 2.536160000000000139e+02 2.638708785523707547e+02
-4.447399999999999665e+01 -5.769599999999999795e+01 2.555519999999999925e+02 2.657321768171856320e+02
-4.327199999999999847e+01 -5.889800000000000324e+01 2.536160000000000139e+02 2.639365754191715041e+02
-4.447399999999999665e+01 -5.769599999999999795e+01 2.536160000000000139e+02 2.638708785523707547e+02
