# 3-0
-4.327199999999999847e+01 -1.177960000000000065e+02 4.414080000000000155e+02 4.589001918326031841e+02
-4.207000000000000028e+01 -1.189980000000000047e+02 4.414080000000000155e+02 4.590984985468804780e+02
-4.327199999999999847e+01 -1.189980000000000047e+02 4.394719999999999800e+02 4.573495695548427875e+02
-4.567600000000000193e+01 -1.165939999999999941e+02 4.356000000000000227e+02 4.532414564136868762e+02
-4.567600000000000193e+01 -1.189980000000000047e+02 4.336639999999999873e+02 4.520080595254912055e+02
-4.567600000000000193e+01 -1.189980000000000047e+02 4.336639999999999873e+02 4.520080595254912055e+02
-4.567600000000000193e+01 -1.202000000000000028e+02 4.336639999999999873e+02 4.523259907102398643e+02
-4.447399999999999665e+01 -1.189980000000000047e+02 4.336639999999999873e+02 4.518881781768582186e+02
-4.447399999999999665e+01 -1.202000000000000028e+02 4.336639999999999873e+02 4.522061936462170593e+02
-4.447399999999999665e+01 -1.202000000000000028e+02 4.336639999999999873e+02 4.522061936462170593e+02
