# 3-1
6.370600000000000307e+01 -5.757580000000000382e+02 1.411343900000000076e+03 1.525597369251536975e+03
2.283800000000000097e+01 -5.697480000000000473e+02 1.428767900000000054e+03 1.538347187672019118e+03
4.447399999999999665e+01 -5.949900000000000091e+02 1.419087999999999965e+03 1.539416054392054093e+03
7.572599999999999909e+01 -6.118179999999999836e+02 1.407471999999999980e+03 1.536565365672414146e+03
8.053400000000000603e+01 -6.178279999999999745e+02 1.413279999999999973e+03 1.544525014734303340e+03
8.173600000000000421e+01 -6.142219999999999800e+02 1.417151900000000069e+03 1.546696139082790296e+03
7.812999999999999545e+01 -6.082119999999999891e+02 1.422959900000000061e+03 1.549464749793298779e+03
8.293800000000000239e+01 -6.094139999999999873e+02 1.421023999999999887e+03 1.548409940492503893e+03
8.293800000000000239e+01 -6.106159999999999854e+02 1.421023999999999887e+03 1.548883410678802193e+03
8.173600000000000421e+01 -6.070099999999999909e+02 1.422959900000000061e+03 1.549179392712157778e+03
