# 3-6
-1.226039999999999992e+02 -5.421019999999999754e+02 -1.273887899999999945e+03 1.389854920841168223e+03
-1.177960000000000065e+02 -5.505159999999999627e+02 -1.302927899999999909e+03 1.419353682656444107e+03
-1.129879999999999995e+02 -5.553239999999999554e+02 -1.302927899999999909e+03 1.420835017065109469e+03
-1.117860000000000014e+02 -5.565259999999999536e+02 -1.302927899999999909e+03 1.421210192431228506e+03
-1.093820000000000050e+02 -5.517179999999999609e+02 -1.302927899999999909e+03 1.419147027635406857e+03
-1.081800000000000068e+02 -5.493139999999999645e+02 -1.304864000000000033e+03 1.419900997074091720e+03
-1.081800000000000068e+02 -5.529199999999999591e+02 -1.302927899999999909e+03 1.419522649131886965e+03
-1.081800000000000068e+02 -5.505159999999999627e+02 -1.304864000000000033e+03 1.420366444672641592e+03
-1.093820000000000050e+02 -5.541219999999999573e+02 -1.302927899999999909e+03 1.420083351570044215e+03
-1.093820000000000050e+02 -5.541219999999999573e+02 -1.302927899999999909e+03 1.420083351570044215e+03
