# 3-7
-6.851399999999999579e+01 -7.332200000000000273e+01 -1.664960000000000093e+02 1.943995933534841356e+02
-6.610999999999999943e+01 -6.610999999999999943e+01 -1.548799999999999955e+02 1.809112450899611702e+02
-6.610999999999999943e+01 -7.091800000000000637e+01 -1.548799999999999955e+02 1.827230396638584864e+02
-6.610999999999999943e+01 -7.091800000000000637e+01 -1.568160000000000025e+02 1.843668969202443293e+02
-6.731199999999999761e+01 -6.610999999999999943e+01 -1.568160000000000025e+02 1.830100961695829369e+02
-6.610999999999999943e+01 -7.212000000000000455e+01 -1.568160000000000025e+02 1.848325846705607205e+02
-6.731199999999999761e+01 -6.971599999999999397e+01 -1.548799999999999955e+02 1.826993169116950924e+02
-6.490800000000000125e+01 -7.332200000000000273e+01 -1.568160000000000025e+02 1.848794796725694027e+02
-6.731199999999999761e+01 -7.091800000000000637e+01 -1.548799999999999955e+02 1.831613563719159572e+02
-6.731199999999999761e+01 -7.091800000000000637e+01 -1.568160000000000025e+02 1.848013147247605446e+02
