# 5-0
-6.370600000000000307e+01 -5.529200000000000159e+01 2.594239999999999782e+02 2.727938259491955364e+02
-6.490800000000000125e+01 -5.529200000000000159e+01 2.594239999999999782e+02 2.730770321795664586e+02
-6.370600000000000307e+01 -5.529200000000000159e+01 2.594239999999999782e+02 2.727938259491955364e+02
-6.370600000000000307e+01 -5.529200000000000159e+01 2.594239999999999782e+02 2.727938259491955364e+02
-6.490800000000000125e+01 -5.529200000000000159e+01 2.613600000000000136e+02 2.749169025869453549e+02
-6.490800000000000125e+01 -5.649399999999999977e+01 2.594239999999999782e+02 2.733229450229160307e+02
-6.370600000000000307e+01 -5.529200000000000159e+01 2.594239999999999782e+02 2.727938259491955364e+02
-6.490800000000000125e+01 -5.529200000000000159e+01 2.594239999999999782e+02 2.730770321795664586e+02
-6.490800000000000125e+01 -5.529200000000000159e+01 2.594239999999999782e+02 2.730770321795664586e+02
-6.370600000000000307e+01 -5.649399999999999977e+01 2.594239999999999782e+02 2.730399938617051703e+02
