# 4-0
-8.774599999999999511e+01 -1.286140000000000043e+02 4.375360000000000014e+02 4.644121798661184926e+02
-8.894799999999999329e+01 -1.238059999999999974e+02 4.375360000000000014e+02 4.633329511657896091e+02
-9.135200000000000387e+01 -1.250079999999999956e+02 4.356000000000000227e+02 4.622981159035801397e+02
-9.015000000000000568e+01 -1.274120000000000061e+02 4.433439999999999941e+02 4.700156833340776643e+02
-9.015000000000000568e+01 -1.298160000000000025e+02 4.394719999999999800e+02 4.670276813423375870e+02
-8.654399999999999693e+01 -1.358259999999999934e+02 4.510880000000000223e+02 4.789769826995865287e+02
-8.654399999999999693e+01 -1.358259999999999934e+02 4.510880000000000223e+02 4.789769826995865287e+02
-8.654399999999999693e+01 -1.358259999999999934e+02 4.510880000000000223e+02 4.789769826995865287e+02
-8.654399999999999693e+01 -1.370279999999999916e+02 4.510880000000000223e+02 4.793192260529510804e+02
-8.654399999999999693e+01 -1.370279999999999916e+02 4.510880000000000223e+02 4.793192260529510804e+02
