# 4-1
-1.706839999999999975e+02 -4.844060000000000059e+02 1.184832000000000107e+03 1.291359387976871631e+03
-1.718859999999999957e+02 -4.723860000000000241e+02 1.184832000000000107e+03 1.287058739225215049e+03
-1.718859999999999957e+02 -4.723860000000000241e+02 1.184832000000000107e+03 1.287058739225215049e+03
-1.718859999999999957e+02 -4.795980000000000132e+02 1.182895899999999983e+03 1.287944777091320020e+03
-1.718859999999999957e+02 -4.771940000000000168e+02 1.184832000000000107e+03 1.288831167708168095e+03
-1.718859999999999957e+02 -4.783960000000000150e+02 1.182895899999999983e+03 1.287497666036257215e+03
-1.718859999999999957e+02 -4.820020000000000095e+02 1.184832000000000107e+03 1.290619073632495429e+03
-1.730879999999999939e+02 -4.771940000000000168e+02 1.184832000000000107e+03 1.288992023871365973e+03
-1.742899999999999920e+02 -4.808000000000000114e+02 1.180959900000000061e+03 1.286938976606121059e+03
-1.742899999999999920e+02 -4.820020000000000095e+02 1.184832000000000107e+03 1.290941439542476019e+03
