# 4-6
9.255400000000000205e+01 -5.156580000000000155e+02 -1.213871900000000096e+03 1.322102267409601836e+03
9.375600000000000023e+01 -5.144560000000000173e+02 -1.213871900000000096e+03 1.321718636125559897e+03
9.255400000000000205e+01 -5.132540000000000191e+02 -1.213871900000000096e+03 1.321166492551794363e+03
9.255400000000000205e+01 -5.144560000000000173e+02 -1.213871900000000096e+03 1.321633916204336174e+03
9.255400000000000205e+01 -5.144560000000000173e+02 -1.213871900000000096e+03 1.321633916204336174e+03
9.255400000000000205e+01 -5.156580000000000155e+02 -1.211935999999999922e+03 1.320325067540565897e+03
9.255400000000000205e+01 -5.144560000000000173e+02 -1.213871900000000096e+03 1.321633916204336174e+03
9.255400000000000205e+01 -5.144560000000000173e+02 -1.213871900000000096e+03 1.321633916204336174e+03
9.255400000000000205e+01 -5.144560000000000173e+02 -1.213871900000000096e+03 1.321633916204336174e+03
9.255400000000000205e+01 -5.156580000000000155e+02 -1.213871900000000096e+03 1.322102267409601836e+03
