# 4-7
-3.846399999999999864e+01 -7.572599999999999909e+01 -1.664960000000000093e+02 1.869085990210188299e+02
-3.726200000000000045e+01 -7.812999999999999545e+01 -1.664960000000000093e+02 1.876530616856543645e+02
-3.606000000000000227e+01 -7.933199999999999363e+01 -1.664960000000000093e+02 1.879223452386650024e+02
-3.485799999999999699e+01 -8.053400000000000603e+01 -1.664960000000000093e+02 1.882065974826600154e+02
-3.485799999999999699e+01 -8.053400000000000603e+01 -1.645600000000000023e+02 1.864961096645182010e+02
-3.365599999999999881e+01 -7.933199999999999363e+01 -1.664960000000000093e+02 1.874758933196479234e+02
-3.485799999999999699e+01 -8.053400000000000603e+01 -1.645600000000000023e+02 1.864961096645182010e+02
-3.606000000000000227e+01 -8.173600000000000421e+01 -1.703679999999999950e+02 1.923703530172983847e+02
-3.365599999999999881e+01 -8.173600000000000421e+01 -1.742400000000000091e+02 1.953793173086650086e+02
-3.365599999999999881e+01 -8.173600000000000421e+01 -1.742400000000000091e+02 1.953793173086650086e+02
