# 6-0
-7.332200000000000273e+01 -3.966599999999999682e+01 2.323199999999999932e+02 2.468240053965578227e+02
-7.332200000000000273e+01 -3.966599999999999682e+01 2.323199999999999932e+02 2.468240053965578227e+02
-7.332200000000000273e+01 -3.846399999999999864e+01 2.323199999999999932e+02 2.466336906831668045e+02
-7.452400000000000091e+01 -3.846399999999999864e+01 2.303839999999999861e+02 2.451735983502301792e+02
-7.452400000000000091e+01 -3.966599999999999682e+01 2.323199999999999932e+02 2.471837384052599873e+02
-7.332200000000000273e+01 -3.966599999999999682e+01 2.323199999999999932e+02 2.468240053965578227e+02
-7.332200000000000273e+01 -3.966599999999999682e+01 2.323199999999999932e+02 2.468240053965578227e+02
-7.332200000000000273e+01 -4.086800000000000210e+01 2.323199999999999932e+02 2.470200224840083649e+02
-7.452400000000000091e+01 -3.966599999999999682e+01 2.323199999999999932e+02 2.471837384052599873e+02
-7.332200000000000273e+01 -4.086800000000000210e+01 2.303839999999999861e+02 2.452001153425503333e+02
