# 5-0
-1.069779999999999944e+02 -7.572599999999999909e+01 3.388000000000000114e+02 3.632687153609570032e+02
-1.069779999999999944e+02 -7.452400000000000091e+01 3.388000000000000114e+02 3.630200532477510365e+02
-1.069779999999999944e+02 -7.452400000000000091e+01 3.388000000000000114e+02 3.630200532477510365e+02
-1.069779999999999944e+02 -7.332200000000000273e+01 3.368639999999999759e+02 3.609678138892718380e+02
-1.069779999999999944e+02 -7.452400000000000091e+01 3.368639999999999759e+02 3.612138889300908318e+02
-1.069779999999999944e+02 -7.452400000000000091e+01 3.388000000000000114e+02 3.630200532477510365e+02
-1.069779999999999944e+02 -7.572599999999999909e+01 3.407359999999999900e+02 3.650749803204815862e+02
-1.069779999999999944e+02 -7.572599999999999909e+01 3.407359999999999900e+02 3.650749803204815862e+02
-1.057759999999999962e+02 -7.692799999999999727e+01 3.407359999999999900e+02 3.649760280566382562e+02
-1.069779999999999944e+02 -7.692799999999999727e+01 3.407359999999999900e+02 3.653261985732750645e+02
