# 5-1
-2.247740000000000009e+02 -2.019360000000000070e+02 7.143840000000000146e+02 7.756584290962098294e+02
-2.247740000000000009e+02 -2.079459999999999980e+02 7.124479999999999791e+02 7.754656940806601142e+02
-2.259759999999999991e+02 -2.199660000000000082e+02 7.260000000000000000e+02 7.915340761660232829e+02
-2.283799999999999955e+02 -2.211680000000000064e+02 7.279360000000000355e+02 7.943321274630657172e+02
-2.259759999999999991e+02 -2.199660000000000082e+02 7.260000000000000000e+02 7.915340761660232829e+02
-2.259759999999999991e+02 -2.199660000000000082e+02 7.279360000000000355e+02 7.933101624383745047e+02
-2.259759999999999991e+02 -2.223700000000000045e+02 7.279360000000000355e+02 7.939800939393884391e+02
-2.259759999999999991e+02 -2.223700000000000045e+02 7.279360000000000355e+02 7.939800939393884391e+02
-2.247740000000000009e+02 -2.235720000000000027e+02 7.298719999999999573e+02 7.957517996486089942e+02
-2.247740000000000009e+02 -2.271779999999999973e+02 7.279360000000000355e+02 7.949993804123372456e+02
