# 5-6
1.586639999999999873e+02 -2.704499999999999886e+02 -6.969600000000000364e+02 7.642451890564964287e+02
1.586639999999999873e+02 -2.716519999999999868e+02 -6.950240000000000009e+02 7.629072254055535041e+02
1.586639999999999873e+02 -2.704499999999999886e+02 -6.969600000000000364e+02 7.642451890564964287e+02
1.598660000000000139e+02 -2.704499999999999886e+02 -6.950240000000000009e+02 7.627310804156337554e+02
1.586639999999999873e+02 -2.716519999999999868e+02 -6.950240000000000009e+02 7.629072254055535041e+02
1.586639999999999873e+02 -2.716519999999999868e+02 -6.950240000000000009e+02 7.629072254055535041e+02
1.598660000000000139e+02 -2.704499999999999886e+02 -6.969600000000000364e+02 7.644956390039122880e+02
1.586639999999999873e+02 -2.716519999999999868e+02 -6.950240000000000009e+02 7.629072254055535041e+02
1.586639999999999873e+02 -2.716519999999999868e+02 -6.950240000000000009e+02 7.629072254055535041e+02
1.586639999999999873e+02 -2.716519999999999868e+02 -6.950240000000000009e+02 7.629072254055535041e+02
