# 5-7
-2.163599999999999923e+01 -4.807999999999999829e+01 -9.486400000000000432e+01 1.085310158065426123e+02
-2.163599999999999923e+01 -4.807999999999999829e+01 -9.486400000000000432e+01 1.085310158065426123e+02
-2.163599999999999923e+01 -5.048400000000000176e+01 -9.486400000000000432e+01 1.096171941257392319e+02
-2.163599999999999923e+01 -5.168599999999999994e+01 -9.292799999999999727e+01 1.085134658740563793e+02
-2.163599999999999923e+01 -5.048400000000000176e+01 -9.486400000000000432e+01 1.096171941257392319e+02
-2.163599999999999923e+01 -5.048400000000000176e+01 -9.486400000000000432e+01 1.096171941257392319e+02
-2.163599999999999923e+01 -5.048400000000000176e+01 -9.292799999999999727e+01 1.079461158912167633e+02
-2.283800000000000097e+01 -5.168599999999999994e+01 -9.486400000000000432e+01 1.104182744657785378e+02
-2.283800000000000097e+01 -5.048400000000000176e+01 -9.292799999999999727e+01 1.081934456610011068e+02
-2.163599999999999923e+01 -5.168599999999999994e+01 -9.486400000000000432e+01 1.101759392426495197e+02
