# 7-0
-7.332200000000000273e+01 -1.923199999999999932e+01 1.935999999999999943e+02 2.079109076215098355e+02
-7.332200000000000273e+01 -1.923199999999999932e+01 1.935999999999999943e+02 2.079109076215098355e+02
-7.332200000000000273e+01 -1.682799999999999940e+01 1.916639999999999873e+02 2.058989707696471214e+02
-7.332200000000000273e+01 -1.923199999999999932e+01 1.935999999999999943e+02 2.079109076215098355e+02
-7.212000000000000455e+01 -1.923199999999999932e+01 1.935999999999999943e+02 2.074900581329139300e+02
-7.332200000000000273e+01 -2.043400000000000105e+01 1.935999999999999943e+02 2.080255369900532116e+02
-7.212000000000000455e+01 -1.923199999999999932e+01 1.916639999999999873e+02 2.056848393051855339e+02
-7.332200000000000273e+01 -2.043400000000000105e+01 1.935999999999999943e+02 2.080255369900532116e+02
-7.332200000000000273e+01 -2.043400000000000105e+01 1.916639999999999873e+02 2.062250056031033125e+02
-7.332200000000000273e+01 -2.043400000000000105e+01 1.935999999999999943e+02 2.080255369900532116e+02
