# 6-0
-9.255400000000000205e+01 -3.005000000000000071e+01 2.342560000000000002e+02 2.536633969495796350e+02
-9.255400000000000205e+01 -2.524200000000000088e+01 2.323199999999999932e+02 2.513483317629142277e+02
-9.255400000000000205e+01 -2.043400000000000105e+01 2.303839999999999861e+02 2.491196072732935249e+02
-9.255400000000000205e+01 -2.524200000000000088e+01 2.303839999999999861e+02 2.495599906555535767e+02
-9.255400000000000205e+01 -2.403999999999999915e+01 2.303839999999999861e+02 2.494412796070449758e+02
-9.255400000000000205e+01 -2.403999999999999915e+01 2.323199999999999932e+02 2.512304657401247709e+02
-9.255400000000000205e+01 -2.163599999999999923e+01 2.323199999999999932e+02 2.510118359998189419e+02
-9.135200000000000387e+01 -2.043400000000000105e+01 2.323199999999999932e+02 2.504701951530361157e+02
-9.135200000000000387e+01 -1.923199999999999932e+01 2.323199999999999932e+02 2.503749990074887535e+02
-9.135200000000000387e+01 -1.803000000000000114e+01 2.323199999999999932e+02 2.502855393425676880e+02
