# 6-1
-1.670780000000000030e+02 -4.086800000000000210e+01 4.065600000000000023e+02 4.414479415604969859e+02
-1.670780000000000030e+02 -4.086800000000000210e+01 4.084959999999999809e+02 4.432315800165868040e+02
-1.670780000000000030e+02 -4.086800000000000210e+01 4.065600000000000023e+02 4.414479415604969859e+02
-1.670780000000000030e+02 -4.086800000000000210e+01 4.084959999999999809e+02 4.432315800165868040e+02
-1.670780000000000030e+02 -4.086800000000000210e+01 4.084959999999999809e+02 4.432315800165868040e+02
-1.682800000000000011e+02 -4.207000000000000028e+01 4.065600000000000023e+02 4.420170549877006465e+02
-1.670780000000000030e+02 -4.086800000000000210e+01 4.084959999999999809e+02 4.432315800165868040e+02
-1.670780000000000030e+02 -4.086800000000000210e+01 4.084959999999999809e+02 4.432315800165868040e+02
-1.682800000000000011e+02 -4.086800000000000210e+01 4.065600000000000023e+02 4.419042717874539790e+02
-1.670780000000000030e+02 -4.086800000000000210e+01 4.065600000000000023e+02 4.414479415604969859e+02
