# 6-2
-3.017019999999999982e+02 -3.485799999999999699e+01 6.776000000000000227e+02 7.425502925512856791e+02
-3.065099999999999909e+02 -3.485799999999999699e+01 6.795359999999999445e+02 7.462791941090142700e+02
-3.041059999999999945e+02 -3.726200000000000045e+01 6.795359999999999445e+02 7.454113570210746502e+02
-3.041059999999999945e+02 -3.485799999999999699e+01 6.814719999999999800e+02 7.470606576336355147e+02
-3.065099999999999909e+02 -3.606000000000000227e+01 6.795359999999999445e+02 7.463363042194852142e+02
-3.077119999999999891e+02 -3.365599999999999881e+01 6.795359999999999445e+02 7.467185390600664050e+02
-3.041059999999999945e+02 -3.365599999999999881e+01 6.814719999999999800e+02 7.470055370316875951e+02
-3.089139999999999873e+02 -3.365599999999999881e+01 6.795359999999999445e+02 7.472146686381363452e+02
-3.089139999999999873e+02 -3.365599999999999881e+01 6.795359999999999445e+02 7.472146686381363452e+02
-3.005000000000000000e+02 -3.245400000000000063e+01 6.814719999999999800e+02 7.454915149751873287e+02
