# 6-3
-2.716519999999999868e+02 2.728539999999999850e+02 6.601760000000000446e+02 7.642489551160668952e+02
-2.716519999999999868e+02 2.740559999999999832e+02 6.601760000000000446e+02 7.646789203423878689e+02
-2.668439999999999941e+02 2.680459999999999923e+02 6.621119999999999663e+02 7.625265103561973774e+02
-2.740559999999999832e+02 2.428040000000000020e+02 6.640480000000000018e+02 7.583008768661685508e+02
-2.632379999999999995e+02 2.404000000000000057e+02 6.640480000000000018e+02 7.536883646096707707e+02
-2.788639999999999759e+02 2.440060000000000002e+02 6.621119999999999663e+02 7.587465710472765750e+02
-2.704499999999999886e+02 2.428040000000000020e+02 6.640480000000000018e+02 7.570051064689062059e+02
-2.728539999999999850e+02 2.440060000000000002e+02 6.640480000000000018e+02 7.582532424302582967e+02
-2.800659999999999741e+02 2.464099999999999966e+02 6.601760000000000446e+02 7.582791065511431725e+02
-2.788639999999999759e+02 2.452079999999999984e+02 6.601760000000000446e+02 7.574460012014058066e+02
