# 6-4
3.521859999999999786e+02 1.214020000000000010e+02 -3.542880000000000109e+02 5.140947491892909511e+02
3.533879999999999768e+02 1.226039999999999992e+02 -3.542880000000000109e+02 5.152036551733692704e+02
3.533879999999999768e+02 1.202000000000000028e+02 -3.620319999999999823e+02 5.199983534281623179e+02
3.533879999999999768e+02 1.214020000000000010e+02 -3.581600000000000250e+02 5.175906778024503865e+02
3.545899999999999750e+02 1.202000000000000028e+02 -3.581600000000000250e+02 5.181319269259519160e+02
3.521859999999999786e+02 1.202000000000000028e+02 -3.600960000000000036e+02 5.178340929409727096e+02
3.461759999999999877e+02 1.442400000000000091e+02 -3.465439999999999827e+02 5.106228985386377985e+02
3.389639999999999986e+02 1.418360000000000127e+02 -3.484800000000000182e+02 5.064112504595449877e+02
3.413679999999999950e+02 1.430380000000000109e+02 -3.465439999999999827e+02 5.070352303380900025e+02
3.425699999999999932e+02 1.430380000000000109e+02 -3.465439999999999827e+02 5.078452700183393063e+02
