# 6-5
2.055420000000000016e+02 -9.495799999999999841e+01 -4.297919999999999732e+02 4.857835925512511608e+02
1.995320000000000107e+02 -9.255400000000000205e+01 -4.317280000000000086e+02 4.845289753193301294e+02
2.055420000000000016e+02 -9.375600000000000023e+01 -4.297919999999999732e+02 4.855500639110244947e+02
2.031380000000000052e+02 -9.375600000000000023e+01 -4.297919999999999732e+02 4.845373028405552418e+02
2.055420000000000016e+02 -9.375600000000000023e+01 -4.278559999999999945e+02 4.838372226648131118e+02
2.055420000000000016e+02 -9.495799999999999841e+01 -4.297919999999999732e+02 4.857835925512511608e+02
2.055420000000000016e+02 -9.375600000000000023e+01 -4.278559999999999945e+02 4.838372226648131118e+02
1.959259999999999877e+02 -8.534199999999999875e+01 -4.278559999999999945e+02 4.782583100961236369e+02
2.043400000000000034e+02 -8.774599999999999511e+01 -4.259200000000000159e+02 4.804810532331113677e+02
2.079459999999999980e+02 -8.894799999999999329e+01 -4.220480000000000018e+02 4.788296147107026854e+02
