# 6-6
5.288799999999999812e+01 -7.332200000000000273e+01 -1.935999999999999943e+02 2.136684727047956471e+02
4.928199999999999648e+01 -7.091800000000000637e+01 -1.955360000000000014e+02 2.137578198429241070e+02
4.567600000000000193e+01 -7.212000000000000455e+01 -1.916639999999999873e+02 2.098158246462835166e+02
4.327199999999999847e+01 -6.971599999999999397e+01 -1.897280000000000086e+02 2.067111526357491869e+02
5.048400000000000176e+01 -7.212000000000000455e+01 -1.877920000000000016e+02 2.074024202366018699e+02
5.048400000000000176e+01 -7.091800000000000637e+01 -1.897280000000000086e+02 2.087455651361245259e+02
5.048400000000000176e+01 -7.212000000000000455e+01 -1.897280000000000086e+02 2.091569808540943995e+02
5.048400000000000176e+01 -7.091800000000000637e+01 -1.897280000000000086e+02 2.087455651361245259e+02
5.048400000000000176e+01 -7.212000000000000455e+01 -1.897280000000000086e+02 2.091569808540943995e+02
5.048400000000000176e+01 -7.212000000000000455e+01 -1.897280000000000086e+02 2.091569808540943995e+02
