# 6-7
-2.524200000000000088e+01 -2.884799999999999898e+01 -2.129599999999999937e+01 4.385071588925316632e+01
-2.524200000000000088e+01 -2.884799999999999898e+01 -2.323199999999999932e+01 4.482289026825468170e+01
-2.524200000000000088e+01 -2.884799999999999898e+01 -2.323199999999999932e+01 4.482289026825468170e+01
-2.524200000000000088e+01 -2.764600000000000080e+01 -2.323199999999999932e+01 4.405888904636611159e+01
-2.283800000000000097e+01 -2.764600000000000080e+01 -2.323199999999999932e+01 4.272705681415465762e+01
-2.403999999999999915e+01 -2.764600000000000080e+01 -2.516799999999999926e+01 4.444829738021469012e+01
-2.403999999999999915e+01 -2.884799999999999898e+01 -2.516799999999999926e+01 4.520571786842899087e+01
-2.283800000000000097e+01 -2.884799999999999898e+01 -2.516799999999999926e+01 4.457812885261112257e+01
-2.163599999999999923e+01 -2.884799999999999898e+01 -2.516799999999999926e+01 4.397444512441288111e+01
-2.163599999999999923e+01 -2.884799999999999898e+01 -2.516799999999999926e+01 4.397444512441288111e+01
