# 8-0
-6.490800000000000125e+01 0.000000000000000000e+00 1.529439999999999884e+02 1.661472708171879447e+02
-6.490800000000000125e+01 2.403999999999999915e+00 1.529439999999999884e+02 1.661646617545379172e+02
-6.490800000000000125e+01 4.807999999999999829e+00 1.529439999999999884e+02 1.662168236491120012e+02
-6.610999999999999943e+01 3.605999999999999872e+00 1.510080000000000098e+02 1.648846608996725536e+02
-6.490800000000000125e+01 3.605999999999999872e+00 1.529439999999999884e+02 1.661863978669734365e+02
-6.490800000000000125e+01 1.201999999999999957e+00 1.510080000000000098e+02 1.643712545793819970e+02
-6.490800000000000125e+01 2.403999999999999915e+00 1.510080000000000098e+02 1.643844388742438412e+02
-6.490800000000000125e+01 1.201999999999999957e+00 1.510080000000000098e+02 1.643712545793819970e+02
-6.490800000000000125e+01 1.201999999999999957e+00 1.510080000000000098e+02 1.643712545793819970e+02
-6.490800000000000125e+01 1.201999999999999957e+00 1.510080000000000098e+02 1.643712545793819970e+02
