# 7-0
-7.332200000000000273e+01 -1.442399999999999949e+01 1.723040000000000020e+02 1.878106383461810083e+02
-7.332200000000000273e+01 -1.562599999999999945e+01 1.703679999999999950e+02 1.861331324187072198e+02
-7.332200000000000273e+01 -1.442399999999999949e+01 1.703679999999999950e+02 1.860360795222260037e+02
-7.332200000000000273e+01 -1.442399999999999949e+01 1.723040000000000020e+02 1.878106383461810083e+02
-7.332200000000000273e+01 -1.442399999999999949e+01 1.723040000000000020e+02 1.878106383461810083e+02
-7.332200000000000273e+01 -1.442399999999999949e+01 1.723040000000000020e+02 1.878106383461810083e+02
-7.332200000000000273e+01 -1.442399999999999949e+01 1.723040000000000020e+02 1.878106383461810083e+02
-7.332200000000000273e+01 -1.442399999999999949e+01 1.703679999999999950e+02 1.860360795222260037e+02
-7.332200000000000273e+01 -1.442399999999999949e+01 1.723040000000000020e+02 1.878106383461810083e+02
-7.332200000000000273e+01 -1.562599999999999945e+01 1.703679999999999950e+02 1.861331324187072198e+02
