# 7-1
-9.255400000000000205e+01 -6.009999999999999787e+00 2.129600000000000080e+02 2.322807022031748545e+02
-9.135200000000000387e+01 -6.009999999999999787e+00 2.129600000000000080e+02 2.318043778792799401e+02
-8.894799999999999329e+01 -8.413999999999999702e+00 2.110240000000000009e+02 2.291586146667848993e+02
-9.135200000000000387e+01 -8.413999999999999702e+00 2.110240000000000009e+02 2.301023943291334035e+02
-9.135200000000000387e+01 -7.211999999999999744e+00 2.110240000000000009e+02 2.300615774613396809e+02
-9.015000000000000568e+01 -7.211999999999999744e+00 2.110240000000000009e+02 2.295869421809524624e+02
-9.135200000000000387e+01 -8.413999999999999702e+00 2.110240000000000009e+02 2.301023943291334035e+02
-9.015000000000000568e+01 -7.211999999999999744e+00 2.110240000000000009e+02 2.295869421809524624e+02
-9.015000000000000568e+01 -8.413999999999999702e+00 2.110240000000000009e+02 2.296278434162547342e+02
-9.015000000000000568e+01 -7.211999999999999744e+00 2.110240000000000009e+02 2.295869421809524624e+02
