# 7-2
-1.069779999999999944e+02 1.562599999999999945e+01 2.497439999999999998e+02 2.721406435944473401e+02
-1.045739999999999981e+02 1.682799999999999940e+01 2.516800000000000068e+02 2.730599301618602794e+02
-1.045739999999999981e+02 1.682799999999999940e+01 2.497439999999999998e+02 2.712765537159449991e+02
-1.033719999999999999e+02 1.562599999999999945e+01 2.478079999999999927e+02 2.689586345964747238e+02
-1.045739999999999981e+02 1.562599999999999945e+01 2.497439999999999998e+02 2.712046439277911531e+02
-1.033719999999999999e+02 1.442399999999999949e+01 2.497439999999999998e+02 2.706767217475488678e+02
-1.057759999999999962e+02 1.562599999999999945e+01 2.478079999999999927e+02 2.698917170199929956e+02
-1.057759999999999962e+02 1.562599999999999945e+01 2.478079999999999927e+02 2.698917170199929956e+02
-1.069779999999999944e+02 1.442399999999999949e+01 2.478079999999999927e+02 2.702982595652439954e+02
-1.045739999999999981e+02 1.442399999999999949e+01 2.478079999999999927e+02 2.693558577718330866e+02
