# 7-3
-6.851399999999999579e+01 5.168599999999999994e+01 1.916639999999999873e+02 2.100016659172017057e+02
-6.851399999999999579e+01 5.048400000000000176e+01 1.916639999999999873e+02 2.097090635809525168e+02
-6.731199999999999761e+01 5.168599999999999994e+01 1.916639999999999873e+02 2.096125874941674283e+02
-6.851399999999999579e+01 5.168599999999999994e+01 1.916639999999999873e+02 2.100016659172017057e+02
-6.851399999999999579e+01 5.168599999999999994e+01 1.916639999999999873e+02 2.100016659172017057e+02
-6.731199999999999761e+01 5.168599999999999994e+01 1.916639999999999873e+02 2.096125874941674283e+02
-6.971599999999999397e+01 5.048400000000000176e+01 1.916639999999999873e+02 2.101048400394431610e+02
-6.851399999999999579e+01 5.168599999999999994e+01 1.935999999999999943e+02 2.117700894649667021e+02
-6.971599999999999397e+01 5.168599999999999994e+01 1.916639999999999873e+02 2.103968919637359818e+02
-6.851399999999999579e+01 5.168599999999999994e+01 1.916639999999999873e+02 2.100016659172017057e+02
