# 7-4
-4.807999999999999829e+00 4.086800000000000210e+01 6.582399999999999807e+01 7.762801855000552109e+01
-6.009999999999999787e+00 3.846399999999999864e+01 6.582399999999999807e+01 7.647482181737986195e+01
-6.009999999999999787e+00 3.966599999999999682e+01 6.582399999999999807e+01 7.708638421926403339e+01
-4.807999999999999829e+00 3.966599999999999682e+01 6.582399999999999807e+01 7.700199605205050091e+01
-4.807999999999999829e+00 3.966599999999999682e+01 6.388799999999999812e+01 7.535373224996888553e+01
-6.009999999999999787e+00 3.846399999999999864e+01 6.388799999999999812e+01 7.481494463006706042e+01
-4.807999999999999829e+00 3.966599999999999682e+01 6.388799999999999812e+01 7.535373224996888553e+01
-4.807999999999999829e+00 3.966599999999999682e+01 6.388799999999999812e+01 7.535373224996888553e+01
-4.807999999999999829e+00 3.966599999999999682e+01 6.582399999999999807e+01 7.700199605205050091e+01
