# 7-5
9.615999999999999659e+00 1.201999999999999957e+00 -1.161599999999999966e+01 1.512758130039300042e+01
8.413999999999999702e+00 1.201999999999999957e+00 -1.355199999999999960e+01 1.599677792556988720e+01
7.211999999999999744e+00 1.201999999999999957e+00 -1.355199999999999960e+01 1.539852109781975109e+01
7.211999999999999744e+00 1.201999999999999957e+00 -1.355199999999999960e+01 1.539852109781975109e+01
9.615999999999999659e+00 1.201999999999999957e+00 -1.355199999999999960e+01 1.666040107560439409e+01
8.413999999999999702e+00 1.201999999999999957e+00 -1.355199999999999960e+01 1.599677792556988720e+01
9.615999999999999659e+00 1.201999999999999957e+00 -1.355199999999999960e+01 1.666040107560439409e+01
9.615999999999999659e+00 1.201999999999999957e+00 -1.355199999999999960e+01 1.666040107560439409e+01
8.413999999999999702e+00 1.201999999999999957e+00 -1.355199999999999960e+01 1.599677792556988720e+01
