# 7-6
-2.403999999999999915e+00 -1.562599999999999945e+01 -9.679999999999999716e+00 1.853789340782819295e+01
-2.403999999999999915e+00 -1.442399999999999949e+01 -9.679999999999999716e+00 1.753663000693120466e+01
-3.605999999999999872e+00 -1.322199999999999953e+01 -9.679999999999999716e+00 1.677876395924324271e+01
-3.605999999999999872e+00 -1.442399999999999949e+01 -1.161599999999999966e+01 1.886760366342265272e+01
-3.605999999999999872e+00 -1.442399999999999949e+01 -1.161599999999999966e+01 1.886760366342265272e+01
-2.403999999999999915e+00 -1.562599999999999945e+01 -9.679999999999999716e+00 1.853789340782819295e+01
-3.605999999999999872e+00 -1.442399999999999949e+01 -9.679999999999999716e+00 1.774140389033517096e+01
-3.605999999999999872e+00 -1.562599999999999945e+01 -9.679999999999999716e+00 1.873172474707014246e+01
-3.605999999999999872e+00 -1.562599999999999945e+01 -9.679999999999999716e+00 1.873172474707014246e+01
-4.807999999999999829e+00 -1.562599999999999945e+01 -9.679999999999999716e+00 1.899976684067464916e+01
