# 7-7
-2.884799999999999898e+01 -1.201999999999999957e+01 3.291199999999999903e+01 4.538598074295629914e+01
-3.005000000000000071e+01 -1.201999999999999957e+01 3.291199999999999903e+01 4.615931806255373715e+01
-3.005000000000000071e+01 -1.201999999999999957e+01 3.291199999999999903e+01 4.615931806255373715e+01
-3.005000000000000071e+01 -1.081799999999999962e+01 3.291199999999999903e+01 4.586100051241795938e+01
-3.005000000000000071e+01 -1.081799999999999962e+01 3.291199999999999903e+01 4.586100051241795938e+01
-2.884799999999999898e+01 -1.201999999999999957e+01 3.291199999999999903e+01 4.538598074295629914e+01
-3.005000000000000071e+01 -1.081799999999999962e+01 3.291199999999999903e+01 4.586100051241795938e+01
-2.884799999999999898e+01 -1.201999999999999957e+01 3.291199999999999903e+01 4.538598074295629914e+01
-2.884799999999999898e+01 -1.081799999999999962e+01 3.484799999999999898e+01 4.651472166959617738e+01
-3.005000000000000071e+01 -1.081799999999999962e+01 3.291199999999999903e+01 4.586100051241795938e+01
