# 0-1
-2.403999999999999915e+01 -3.005000000000000071e+01 1.103520000000000039e+02 1.168695341138998458e+02
-2.524200000000000088e+01 -3.005000000000000071e+01 1.103520000000000039e+02 1.171226919431072560e+02
-2.403999999999999915e+01 -2.884799999999999898e+01 1.122879999999999967e+02 1.184006910790642308e+02
-2.524200000000000088e+01 -3.005000000000000071e+01 1.122879999999999967e+02 1.189485435303854359e+02
-2.524200000000000088e+01 -2.884799999999999898e+01 1.122879999999999967e+02 1.186505820129003723e+02
-2.403999999999999915e+01 -2.884799999999999898e+01 1.103520000000000039e+02 1.165662584455725010e+02
-2.283800000000000097e+01 -2.884799999999999898e+01 1.103520000000000039e+02 1.163243106663435213e+02
-2.283800000000000097e+01 -3.005000000000000071e+01 1.103520000000000039e+02 1.166282154883628550e+02
-2.283800000000000097e+01 -3.005000000000000071e+01 1.103520000000000039e+02 1.166282154883628550e+02
-2.283800000000000097e+01 -3.005000000000000071e+01 1.103520000000000039e+02 1.166282154883628550e+02
