# 0-2
-1.442399999999999949e+01 -4.327199999999999847e+01 8.518399999999999750e+01 9.662728194459367614e+01
-1.322199999999999953e+01 -4.207000000000000028e+01 8.324800000000000466e+01 9.420687707381027565e+01
-1.442399999999999949e+01 -4.207000000000000028e+01 8.324800000000000466e+01 9.438308206453103821e+01
-1.322199999999999953e+01 -4.207000000000000028e+01 8.324800000000000466e+01 9.420687707381027565e+01
-1.322199999999999953e+01 -4.327199999999999847e+01 8.324800000000000466e+01 9.474975869098560111e+01
-1.322199999999999953e+01 -4.207000000000000028e+01 8.324800000000000466e+01 9.420687707381027565e+01
-1.322199999999999953e+01 -4.327199999999999847e+01 8.324800000000000466e+01 9.474975869098560111e+01
-1.322199999999999953e+01 -4.207000000000000028e+01 8.324800000000000466e+01 9.420687707381027565e+01
-1.322199999999999953e+01 -4.327199999999999847e+01 8.131199999999999761e+01 9.305336432391898427e+01
-1.201999999999999957e+01 -4.327199999999999847e+01 7.937600000000000477e+01 9.120030570124204417e+01
