# 0-3
4.807999999999999829e+00 -4.207000000000000028e+01 8.905599999999999739e+01 9.861020687535341267e+01
3.605999999999999872e+00 -4.086800000000000210e+01 9.099200000000000443e+01 9.981352976425591805e+01
6.009999999999999787e+00 -4.207000000000000028e+01 8.905599999999999739e+01 9.867611735369405324e+01
4.807999999999999829e+00 -4.207000000000000028e+01 8.905599999999999739e+01 9.861020687535341267e+01
4.807999999999999829e+00 -4.207000000000000028e+01 8.905599999999999739e+01 9.861020687535341267e+01
6.009999999999999787e+00 -4.207000000000000028e+01 8.905599999999999739e+01 9.867611735369405324e+01
6.009999999999999787e+00 -4.207000000000000028e+01 8.905599999999999739e+01 9.867611735369405324e+01
6.009999999999999787e+00 -4.207000000000000028e+01 8.712000000000000455e+01 9.693244761172597634e+01
6.009999999999999787e+00 -4.207000000000000028e+01 8.905599999999999739e+01 9.867611735369405324e+01
6.009999999999999787e+00 -4.327199999999999847e+01 8.712000000000000455e+01 9.746014818375766708e+01
