# 0-4
2.644399999999999906e+01 -8.413999999999999702e+00 1.084159999999999968e+02 1.119111682898538902e+02
2.764600000000000080e+01 -9.615999999999999659e+00 1.103520000000000039e+02 1.141680019795389143e+02
2.644399999999999906e+01 -9.615999999999999659e+00 1.084159999999999968e+02 1.120079535033115405e+02
2.884799999999999898e+01 -9.615999999999999659e+00 1.064800000000000040e+02 1.107369177826437436e+02
3.005000000000000071e+01 -1.081799999999999962e+01 1.045439999999999969e+02 1.093136750823061334e+02
3.245400000000000063e+01 -1.081799999999999962e+01 1.045439999999999969e+02 1.099988144299746438e+02
3.365599999999999881e+01 -1.081799999999999962e+01 1.045439999999999969e+02 1.103594282152639607e+02
3.245400000000000063e+01 -1.081799999999999962e+01 1.026080000000000041e+02 1.081604960417619452e+02
3.125199999999999889e+01 -1.201999999999999957e+01 1.045439999999999969e+02 1.097752970389968823e+02
3.245400000000000063e+01 -1.081799999999999962e+01 1.045439999999999969e+02 1.099988144299746438e+02
