# 0-5
-7.452400000000000091e+01 -1.442399999999999949e+01 1.916639999999999873e+02 2.061479256456392193e+02
-7.212000000000000455e+01 -1.442399999999999949e+01 1.935999999999999943e+02 2.070997493383321171e+02
-7.452400000000000091e+01 -1.442399999999999949e+01 1.916639999999999873e+02 2.061479256456392193e+02
-7.692799999999999727e+01 -1.442399999999999949e+01 1.916639999999999873e+02 2.070291232073400636e+02
-7.692799999999999727e+01 -1.562599999999999945e+01 1.916639999999999873e+02 2.071163391816299679e+02
-7.812999999999999545e+01 -1.562599999999999945e+01 1.916639999999999873e+02 2.075657911892034235e+02
-7.812999999999999545e+01 -1.442399999999999949e+01 1.897280000000000086e+02 2.056916689124768709e+02
-7.812999999999999545e+01 -1.562599999999999945e+01 1.916639999999999873e+02 2.075657911892034235e+02
-8.053400000000000603e+01 -1.562599999999999945e+01 1.897280000000000086e+02 2.067041630350003345e+02
-7.933199999999999363e+01 -1.442399999999999949e+01 1.897280000000000086e+02 2.061512357081567473e+02
