# 0-6
-5.769599999999999795e+01 -2.524200000000000088e+01 1.548799999999999955e+02 1.671939035371804323e+02
-5.649399999999999977e+01 -2.524200000000000088e+01 1.529439999999999884e+02 1.649866592667419241e+02
-5.769599999999999795e+01 -2.524200000000000088e+01 1.529439999999999884e+02 1.654020982817328047e+02
-5.649399999999999977e+01 -2.524200000000000088e+01 1.548799999999999955e+02 1.667829277833915285e+02
-5.769599999999999795e+01 -2.524200000000000088e+01 1.529439999999999884e+02 1.654020982817328047e+02
-5.769599999999999795e+01 -2.403999999999999915e+01 1.529439999999999884e+02 1.652229316771736762e+02
-5.769599999999999795e+01 -2.524200000000000088e+01 1.529439999999999884e+02 1.654020982817328047e+02
-5.769599999999999795e+01 -2.524200000000000088e+01 1.529439999999999884e+02 1.654020982817328047e+02
-5.889800000000000324e+01 -2.524200000000000088e+01 1.529439999999999884e+02 1.658252094948171589e+02
-5.889800000000000324e+01 -2.403999999999999915e+01 1.529439999999999884e+02 1.656465005365341199e+02
