# 0-7
-5.649399999999999977e+01 -2.163599999999999923e+01 1.316479999999999961e+02 1.448823123642082180e+02
-5.769599999999999795e+01 -2.163599999999999923e+01 1.335840000000000032e+02 1.471109444195094511e+02
-5.649399999999999977e+01 -2.163599999999999923e+01 1.335840000000000032e+02 1.466436960390728927e+02
-5.769599999999999795e+01 -2.163599999999999923e+01 1.335840000000000032e+02 1.471109444195094511e+02
-5.769599999999999795e+01 -2.283800000000000097e+01 1.335840000000000032e+02 1.472925243045281150e+02
-5.769599999999999795e+01 -2.283800000000000097e+01 1.355200000000000102e+02 1.490505721558961341e+02
-5.529200000000000159e+01 -2.163599999999999923e+01 1.335840000000000032e+02 1.461848378457902982e+02
-5.649399999999999977e+01 -2.163599999999999923e+01 1.335840000000000032e+02 1.466436960390728927e+02
-5.649399999999999977e+01 -2.163599999999999923e+01 1.316479999999999961e+02 1.448823123642082180e+02
-5.529200000000000159e+01 -2.283800000000000097e+01 1.335840000000000032e+02 1.463675666396077020e+02
