# 1-0
-3.485799999999999699e+01 -3.606000000000000227e+01 1.045439999999999969e+02 1.159519370256486894e+02
-3.485799999999999699e+01 -3.606000000000000227e+01 1.045439999999999969e+02 1.159519370256486894e+02
-3.485799999999999699e+01 -3.606000000000000227e+01 1.026080000000000041e+02 1.142094804646269210e+02
-3.485799999999999699e+01 -3.606000000000000227e+01 1.045439999999999969e+02 1.159519370256486894e+02
-3.606000000000000227e+01 -3.606000000000000227e+01 1.045439999999999969e+02 1.163189371340711631e+02
-3.485799999999999699e+01 -3.485799999999999699e+01 1.045439999999999969e+02 1.155837716290656374e+02
-3.485799999999999699e+01 -3.485799999999999699e+01 1.045439999999999969e+02 1.155837716290656374e+02
-3.485799999999999699e+01 -3.606000000000000227e+01 1.026080000000000041e+02 1.142094804646269210e+02
-3.485799999999999699e+01 -3.606000000000000227e+01 1.045439999999999969e+02 1.159519370256486894e+02
-3.485799999999999699e+01 -3.606000000000000227e+01 1.045439999999999969e+02 1.159519370256486894e+02
