# 1-1
-1.322199999999999953e+01 -5.168599999999999994e+01 1.064800000000000040e+02 1.190976669796684178e+02
-1.322199999999999953e+01 -5.168599999999999994e+01 1.064800000000000040e+02 1.190976669796684178e+02
-1.322199999999999953e+01 -5.048400000000000176e+01 1.064800000000000040e+02 1.185809678658426236e+02
-1.322199999999999953e+01 -5.048400000000000176e+01 1.084159999999999968e+02 1.203224193407030924e+02
-1.442399999999999949e+01 -5.048400000000000176e+01 1.084159999999999968e+02 1.204604295526128368e+02
-1.322199999999999953e+01 -5.048400000000000176e+01 1.064800000000000040e+02 1.185809678658426236e+02
-1.322199999999999953e+01 -5.168599999999999994e+01 1.084159999999999968e+02 1.208316719076583752e+02
-1.322199999999999953e+01 -5.168599999999999994e+01 1.084159999999999968e+02 1.208316719076583752e+02
-1.201999999999999957e+01 -5.168599999999999994e+01 1.064800000000000040e+02 1.189702206268442666e+02
-1.442399999999999949e+01 -5.168599999999999994e+01 1.084159999999999968e+02 1.209691011291726426e+02
