# 1-2
-8.413999999999999702e+00 -7.452400000000000091e+01 4.259199999999999875e+01 8.624790105272128926e+01
-7.211999999999999744e+00 -7.452400000000000091e+01 4.065599999999999881e+01 8.519829725998049241e+01
-8.413999999999999702e+00 -7.452400000000000091e+01 4.065599999999999881e+01 8.530845390698392805e+01
-7.211999999999999744e+00 -7.452400000000000091e+01 4.259199999999999875e+01 8.613894580269716528e+01
-6.009999999999999787e+00 -7.452400000000000091e+01 4.259199999999999875e+01 8.604664514087693306e+01
-7.211999999999999744e+00 -7.572599999999999909e+01 4.259199999999999875e+01 8.718095252978140763e+01
-6.009999999999999787e+00 -7.572599999999999909e+01 4.065599999999999881e+01 8.615948880999701487e+01
-7.211999999999999744e+00 -7.452400000000000091e+01 4.259199999999999875e+01 8.613894580269716528e+01
-6.009999999999999787e+00 -7.572599999999999909e+01 4.259199999999999875e+01 8.708975622884703682e+01
-6.009999999999999787e+00 -7.572599999999999909e+01 4.259199999999999875e+01 8.708975622884703682e+01
