# 1-3
1.502500000000000000e+02 -1.730879999999999939e+02 5.614399999999999835e+01 2.359802258241143420e+02
1.502500000000000000e+02 -1.742899999999999920e+02 5.614399999999999835e+01 2.368632840606580885e+02
1.526539999999999964e+02 -1.730879999999999939e+02 5.807999999999999829e+01 2.379831629758710392e+02
1.502500000000000000e+02 -1.694819999999999993e+02 6.195199999999999818e+01 2.348132473435005920e+02
1.502500000000000000e+02 -1.706839999999999975e+02 6.001599999999999824e+01 2.351808040891092730e+02
1.502500000000000000e+02 -1.718859999999999957e+02 6.001599999999999824e+01 2.360546117998968327e+02
1.502500000000000000e+02 -1.706839999999999975e+02 6.001599999999999824e+01 2.351808040891092730e+02
1.526539999999999964e+02 -1.754919999999999902e+02 5.614399999999999835e+01 2.392756454719117301e+02
1.526539999999999964e+02 -1.730879999999999939e+02 5.614399999999999835e+01 2.375181007754987945e+02
1.550579999999999927e+02 -1.754919999999999902e+02 5.614399999999999835e+01 2.408164740294982096e+02
