# 1-4
3.461759999999999877e+02 1.057759999999999962e+02 2.284480000000000075e+02 4.280360660692040824e+02
3.642060000000000173e+02 1.081800000000000068e+02 2.226399999999999864e+02 4.403606390630297938e+02
3.678120000000000118e+02 1.069779999999999944e+02 2.207040000000000077e+02 4.420862081585445935e+02
3.690140000000000100e+02 1.069779999999999944e+02 2.245759999999999934e+02 4.450280940075581384e+02
3.642060000000000173e+02 1.045739999999999981e+02 2.207040000000000077e+02 4.385111030840610624e+02
3.593980000000000246e+02 1.033719999999999999e+02 2.226399999999999864e+02 4.352255304873555133e+02
3.593980000000000246e+02 1.045739999999999981e+02 2.245759999999999934e+02 4.365054680711342598e+02
3.593980000000000246e+02 1.045739999999999981e+02 2.265120000000000005e+02 4.375046628597231688e+02
3.618020000000000209e+02 1.057759999999999962e+02 2.265120000000000005e+02 4.397691843728935623e+02
3.630040000000000191e+02 1.069779999999999944e+02 2.226399999999999864e+02 4.390726205310460841e+02
