# 1-5
-6.130199999999999960e+01 -1.454420000000000073e+02 3.523519999999999754e+02 3.860870918225575679e+02
-5.168599999999999994e+01 -1.430380000000000109e+02 3.562239999999999895e+02 3.873329965494806402e+02
-5.168599999999999994e+01 -1.430380000000000109e+02 3.542880000000000109e+02 3.855532375483313103e+02
-6.731199999999999761e+01 -1.478460000000000036e+02 3.542880000000000109e+02 3.897554771956386617e+02
-6.130199999999999960e+01 -1.466440000000000055e+02 3.562239999999999895e+02 3.900742699999578349e+02
-6.130199999999999960e+01 -1.454420000000000073e+02 3.581600000000000250e+02 3.913948085603589675e+02
-6.130199999999999960e+01 -1.478460000000000036e+02 3.581600000000000250e+02 3.922944818882876348e+02
-6.731199999999999761e+01 -1.478460000000000036e+02 3.562239999999999895e+02 3.915161340685719438e+02
-6.971599999999999397e+01 -1.478460000000000036e+02 3.581600000000000250e+02 3.936970230672312709e+02
-7.212000000000000455e+01 -1.490480000000000018e+02 3.600960000000000036e+02 3.963404217588713436e+02
