# 1-6
-3.966599999999999682e+01 -6.130199999999999960e+01 1.897280000000000086e+02 2.032929923632391080e+02
-3.966599999999999682e+01 -6.130199999999999960e+01 1.897280000000000086e+02 2.032929923632391080e+02
-3.966599999999999682e+01 -6.130199999999999960e+01 1.897280000000000086e+02 2.032929923632391080e+02
-3.726200000000000045e+01 -6.010000000000000142e+01 1.897280000000000086e+02 2.024776052505560529e+02
-3.846399999999999864e+01 -6.130199999999999960e+01 1.897280000000000086e+02 2.030618833853365004e+02
-4.447399999999999665e+01 -6.250399999999999778e+01 1.877920000000000016e+02 2.028559142741468122e+02
-4.327199999999999847e+01 -6.130199999999999960e+01 1.877920000000000016e+02 2.022281791739222285e+02
-4.327199999999999847e+01 -6.130199999999999960e+01 1.897280000000000086e+02 2.040272412497899950e+02
-4.567600000000000193e+01 -6.250399999999999778e+01 1.897280000000000086e+02 2.049140331358494507e+02
-4.567600000000000193e+01 -6.250399999999999778e+01 1.877920000000000016e+02 2.031228255415919364e+02
