# 1-7
-4.687800000000000011e+01 -3.005000000000000071e+01 1.355200000000000102e+02 1.465135481243970048e+02
-4.687800000000000011e+01 -3.005000000000000071e+01 1.355200000000000102e+02 1.465135481243970048e+02
-4.687800000000000011e+01 -3.005000000000000071e+01 1.374559999999999889e+02 1.483061068196451515e+02
-4.807999999999999829e+01 -3.005000000000000071e+01 1.355200000000000102e+02 1.469025503522658482e+02
-4.807999999999999829e+01 -3.005000000000000071e+01 1.374559999999999889e+02 1.486904194492705074e+02
-4.687800000000000011e+01 -3.005000000000000071e+01 1.355200000000000102e+02 1.465135481243970048e+02
-4.687800000000000011e+01 -3.005000000000000071e+01 1.355200000000000102e+02 1.465135481243970048e+02
-4.807999999999999829e+01 -3.005000000000000071e+01 1.355200000000000102e+02 1.469025503522658482e+02
-4.687800000000000011e+01 -3.005000000000000071e+01 1.355200000000000102e+02 1.465135481243970048e+02
-4.567600000000000193e+01 -2.884799999999999898e+01 1.355200000000000102e+02 1.458909677807368723e+02
