# 2-0
-4.687800000000000011e+01 -4.207000000000000028e+01 9.679999999999999716e+01 1.154888383524572504e+02
-4.567600000000000193e+01 -4.207000000000000028e+01 9.486400000000000432e+01 1.133814816096526386e+02
-4.687800000000000011e+01 -4.207000000000000028e+01 9.679999999999999716e+01 1.154888383524572504e+02
-4.567600000000000193e+01 -4.207000000000000028e+01 9.679999999999999716e+01 1.150061819034090007e+02
-4.687800000000000011e+01 -4.207000000000000028e+01 9.679999999999999716e+01 1.154888383524572504e+02
-4.567600000000000193e+01 -4.207000000000000028e+01 9.486400000000000432e+01 1.133814816096526386e+02
-4.567600000000000193e+01 -4.207000000000000028e+01 9.486400000000000432e+01 1.133814816096526386e+02
-4.567600000000000193e+01 -4.207000000000000028e+01 9.486400000000000432e+01 1.133814816096526386e+02
-4.567600000000000193e+01 -4.207000000000000028e+01 9.679999999999999716e+01 1.150061819034090007e+02
-4.687800000000000011e+01 -4.207000000000000028e+01 9.679999999999999716e+01 1.154888383524572504e+02
