# 2-1
-1.803000000000000114e+01 -7.692799999999999727e+01 9.873600000000000421e+01 1.264586722214020398e+02
-1.803000000000000114e+01 -7.692799999999999727e+01 9.873600000000000421e+01 1.264586722214020398e+02
-1.923199999999999932e+01 -7.692799999999999727e+01 1.006719999999999970e+02 1.281508431185686732e+02
-1.923199999999999932e+01 -7.692799999999999727e+01 9.873600000000000421e+01 1.266356375748943748e+02
-1.803000000000000114e+01 -7.692799999999999727e+01 9.873600000000000421e+01 1.264586722214020398e+02
-1.803000000000000114e+01 -7.812999999999999545e+01 9.873600000000000421e+01 1.271934569700815985e+02
-1.803000000000000114e+01 -7.812999999999999545e+01 9.873600000000000421e+01 1.271934569700815985e+02
-1.803000000000000114e+01 -7.812999999999999545e+01 9.873600000000000421e+01 1.271934569700815985e+02
-1.803000000000000114e+01 -7.933199999999999363e+01 1.006719999999999970e+02 1.294353070379175961e+02
-1.682799999999999940e+01 -7.933199999999999363e+01 9.873600000000000421e+01 1.277714580960865476e+02
