# 2-2
2.884799999999999898e+01 -2.079459999999999980e+02 8.131199999999999761e+01 2.251341541481434092e+02
2.884799999999999898e+01 -2.115519999999999925e+02 7.743999999999999773e+01 2.271198128917862675e+02
2.884799999999999898e+01 -2.079459999999999980e+02 7.743999999999999773e+01 2.237648310615410310e+02
2.403999999999999915e+01 -2.115519999999999925e+02 7.743999999999999773e+01 2.265593165243927842e+02
2.644399999999999906e+01 -2.103499999999999943e+02 7.550400000000000489e+01 2.250494649004969290e+02
2.644399999999999906e+01 -2.103499999999999943e+02 7.743999999999999773e+01 2.257063606458621621e+02
2.644399999999999906e+01 -2.091479999999999961e+02 7.743999999999999773e+01 2.245865638011321437e+02
2.884799999999999898e+01 -2.115519999999999925e+02 7.743999999999999773e+01 2.271198128917862675e+02
3.606000000000000227e+01 -2.127539999999999907e+02 8.131199999999999761e+01 2.305997169555938626e+02
3.245400000000000063e+01 -2.163600000000000136e+02 7.743999999999999773e+01 2.320815919369737514e+02
