# 2-5
-1.418360000000000127e+02 -2.992980000000000018e+02 1.935999999999999943e+00 3.312106456562046901e+02
-1.406339999999999861e+02 -2.992980000000000018e+02 5.807999999999999829e+00 3.307430235454710328e+02
-1.430380000000000109e+02 -2.980960000000000036e+02 3.871999999999999886e+00 3.306600777898656247e+02
-1.418360000000000127e+02 -2.980960000000000036e+02 7.743999999999999773e+00 3.302100023439629695e+02
-1.430380000000000109e+02 -2.968940000000000055e+02 3.871999999999999886e+00 3.295768636661256892e+02
-1.430380000000000109e+02 -2.968940000000000055e+02 1.935999999999999943e+00 3.295598045514652767e+02
-1.430380000000000109e+02 -2.956920000000000073e+02 1.935999999999999943e+00 3.284773605653820709e+02
-1.430380000000000109e+02 -2.968940000000000055e+02 9.679999999999999716e+00 3.296962527539553207e+02
-1.418360000000000127e+02 -2.956920000000000073e+02 1.935999999999999943e+01 3.285209572614812714e+02
-1.418360000000000127e+02 -2.956920000000000073e+02 1.935999999999999943e+01 3.285209572614812714e+02
