# 2-6
1.562599999999999945e+01 -3.846399999999999864e+01 2.110240000000000009e+02 2.150692440773436260e+02
1.562599999999999945e+01 -3.726200000000000045e+01 2.110240000000000009e+02 2.148575274362059702e+02
1.562599999999999945e+01 -3.846399999999999864e+01 2.129600000000000080e+02 2.169691516598615522e+02
1.442399999999999949e+01 -3.846399999999999864e+01 2.129600000000000080e+02 2.168858978172624177e+02
1.322199999999999953e+01 -3.966599999999999682e+01 2.110240000000000009e+02 2.151263382666102189e+02
1.322199999999999953e+01 -4.086800000000000210e+01 2.129600000000000080e+02 2.172486508772839500e+02
1.201999999999999957e+01 -4.086800000000000210e+01 2.129600000000000080e+02 2.171788097950626479e+02
1.201999999999999957e+01 -4.207000000000000028e+01 2.129600000000000080e+02 2.174082033870847397e+02
1.081799999999999962e+01 -4.086800000000000210e+01 2.129600000000000080e+02 2.171156008857954021e+02
1.201999999999999957e+01 -4.086800000000000210e+01 2.129600000000000080e+02 2.171788097950626479e+02
