# 2-7
-2.283800000000000097e+01 -2.283800000000000097e+01 1.490720000000000027e+02 1.525306843621964390e+02
-2.403999999999999915e+01 -2.403999999999999915e+01 1.490720000000000027e+02 1.528996546235471499e+02
-2.283800000000000097e+01 -2.524200000000000088e+01 1.490720000000000027e+02 1.529091036923570641e+02
-2.403999999999999915e+01 -2.403999999999999915e+01 1.490720000000000027e+02 1.528996546235471499e+02
-2.403999999999999915e+01 -2.403999999999999915e+01 1.490720000000000027e+02 1.528996546235471499e+02
-2.403999999999999915e+01 -2.524200000000000088e+01 1.490720000000000027e+02 1.530932439658915882e+02
-2.403999999999999915e+01 -2.403999999999999915e+01 1.490720000000000027e+02 1.528996546235471499e+02
-2.403999999999999915e+01 -2.524200000000000088e+01 1.490720000000000027e+02 1.530932439658915882e+02
-2.403999999999999915e+01 -2.403999999999999915e+01 1.490720000000000027e+02 1.528996546235471499e+02
-2.283800000000000097e+01 -2.403999999999999915e+01 1.490720000000000027e+02 1.527152809249945449e+02
