# 3-0
-5.288799999999999812e+01 -3.606000000000000227e+01 9.486400000000000432e+01 1.144405637874962594e+02
-5.409000000000000341e+01 -3.606000000000000227e+01 9.486400000000000432e+01 1.150010008478187160e+02
-5.409000000000000341e+01 -3.726200000000000045e+01 9.486400000000000432e+01 1.153835483940410001e+02
-5.409000000000000341e+01 -3.726200000000000045e+01 9.292799999999999727e+01 1.137971789105512102e+02
-5.409000000000000341e+01 -3.726200000000000045e+01 9.486400000000000432e+01 1.153835483940410001e+02
-5.529200000000000159e+01 -3.726200000000000045e+01 9.486400000000000432e+01 1.159518883158010567e+02
-5.529200000000000159e+01 -3.726200000000000045e+01 9.292799999999999727e+01 1.143734020303671883e+02
-5.409000000000000341e+01 -3.726200000000000045e+01 9.292799999999999727e+01 1.137971789105512102e+02
-5.529200000000000159e+01 -3.726200000000000045e+01 9.486400000000000432e+01 1.159518883158010567e+02
-5.409000000000000341e+01 -3.846399999999999864e+01 9.292799999999999727e+01 1.141964122904042824e+02
