# 3-1
-6.250399999999999778e+01 -9.135200000000000387e+01 7.743999999999999773e+01 1.350884581302192657e+02
-6.250399999999999778e+01 -9.015000000000000568e+01 7.743999999999999773e+01 1.342785392979831443e+02
-6.250399999999999778e+01 -9.135200000000000387e+01 7.550400000000000489e+01 1.339880290772276510e+02
-6.250399999999999778e+01 -9.015000000000000568e+01 7.743999999999999773e+01 1.342785392979831443e+02
-6.250399999999999778e+01 -9.015000000000000568e+01 7.743999999999999773e+01 1.342785392979831443e+02
-6.250399999999999778e+01 -9.015000000000000568e+01 7.743999999999999773e+01 1.342785392979831443e+02
-6.370600000000000307e+01 -9.015000000000000568e+01 7.743999999999999773e+01 1.348422431436083855e+02
-6.370600000000000307e+01 -9.015000000000000568e+01 7.743999999999999773e+01 1.348422431436083855e+02
-6.250399999999999778e+01 -9.135200000000000387e+01 7.550400000000000489e+01 1.339880290772276510e+02
-6.250399999999999778e+01 -9.135200000000000387e+01 7.550400000000000489e+01 1.339880290772276510e+02
