# 3-2
-1.069779999999999944e+02 -2.956920000000000073e+02 -2.710399999999999920e+01 3.156147622719824994e+02
-1.033719999999999999e+02 -2.956920000000000073e+02 -2.129599999999999937e+01 3.139634514780343011e+02
-1.057759999999999962e+02 -2.944900000000000091e+02 -2.323199999999999932e+01 3.137716496116244116e+02
-8.774599999999999511e+01 -3.029039999999999964e+02 -1.548799999999999955e+01 3.157373463434441305e+02
-9.015000000000000568e+01 -3.017019999999999982e+02 -1.355199999999999960e+01 3.151741994643597309e+02
-9.615999999999999659e+01 -3.005000000000000000e+02 -1.742399999999999949e+01 3.159914419347460921e+02
-9.495799999999999841e+01 -3.005000000000000000e+02 -1.935999999999999943e+01 3.157405285420292671e+02
-9.255400000000000205e+01 -3.029039999999999964e+02 -1.935999999999999943e+01 3.173198476805382597e+02
-9.015000000000000568e+01 -3.041059999999999945e+02 -1.935999999999999943e+01 3.177771095217526636e+02
-8.654399999999999693e+01 -3.077119999999999891e+02 -1.935999999999999943e+01 3.202363946836773607e+02
