# 3-5
-2.043400000000000105e+01 4.808000000000000114e+02 3.039519999999999982e+02 5.691862671041880049e+02
-1.081799999999999962e+01 4.904159999999999968e+02 3.136320000000000050e+02 5.822284032954764825e+02
-1.081799999999999962e+01 4.868100000000000023e+02 3.155679999999999836e+02 5.802449205706155908e+02
-8.413999999999999702e+00 4.928199999999999932e+02 3.175040000000000191e+02 5.863029403064596181e+02
-9.615999999999999659e+00 4.928199999999999932e+02 3.155679999999999836e+02 5.852753048608833524e+02
-8.413999999999999702e+00 4.904159999999999968e+02 3.194399999999999977e+02 5.853379895855043742e+02
-6.009999999999999787e+00 4.904159999999999968e+02 3.213759999999999764e+02 5.863672113377417645e+02
-7.211999999999999744e+00 4.928199999999999932e+02 3.213759999999999764e+02 5.883928098812900771e+02
-7.211999999999999744e+00 4.904159999999999968e+02 3.213759999999999764e+02 5.863807631360359665e+02
-2.403999999999999915e+00 4.976279999999999859e+02 3.271840000000000259e+02 5.955575332879267307e+02
