# 3-6
2.644399999999999906e+01 4.207000000000000028e+01 1.897280000000000086e+02 1.961272138689580231e+02
2.524200000000000088e+01 3.966599999999999682e+01 1.897280000000000086e+02 1.954667851682223727e+02
2.524200000000000088e+01 3.966599999999999682e+01 1.897280000000000086e+02 1.954667851682223727e+02
2.524200000000000088e+01 3.966599999999999682e+01 1.897280000000000086e+02 1.954667851682223727e+02
2.524200000000000088e+01 3.966599999999999682e+01 1.897280000000000086e+02 1.954667851682223727e+02
2.524200000000000088e+01 3.846399999999999864e+01 1.897280000000000086e+02 1.952264117480009418e+02
2.403999999999999915e+01 3.606000000000000227e+01 1.916639999999999873e+02 1.965027584946328147e+02
2.283800000000000097e+01 3.606000000000000227e+01 1.935999999999999943e+02 1.982494838429598474e+02
2.283800000000000097e+01 3.606000000000000227e+01 1.935999999999999943e+02 1.982494838429598474e+02
2.283800000000000097e+01 3.606000000000000227e+01 1.935999999999999943e+02 1.982494838429598474e+02
