# 3-7
-1.201999999999999957e+01 9.615999999999999659e+00 1.432640000000000100e+02 1.440885892498083933e+02
-1.201999999999999957e+01 8.413999999999999702e+00 1.432640000000000100e+02 1.440133656713848325e+02
-1.322199999999999953e+01 9.615999999999999659e+00 1.413280000000000030e+02 1.422704899970475196e+02
-1.562599999999999945e+01 9.615999999999999659e+00 1.413280000000000030e+02 1.425140095429217695e+02
-1.682799999999999940e+01 8.413999999999999702e+00 1.413280000000000030e+02 1.425748244396604605e+02
-1.682799999999999940e+01 8.413999999999999702e+00 1.413280000000000030e+02 1.425748244396604605e+02
-1.562599999999999945e+01 8.413999999999999702e+00 1.413280000000000030e+02 1.424379544082264601e+02
-1.562599999999999945e+01 8.413999999999999702e+00 1.393919999999999959e+02 1.405172478238881695e+02
-1.682799999999999940e+01 7.211999999999999744e+00 1.413280000000000030e+02 1.425089404633968968e+02
-1.562599999999999945e+01 8.413999999999999702e+00 1.393919999999999959e+02 1.405172478238881695e+02
