# 4-0
-6.610999999999999943e+01 -2.283800000000000097e+01 8.712000000000000455e+01 1.117228747571418381e+02
-6.731199999999999761e+01 -2.283800000000000097e+01 8.712000000000000455e+01 1.124383119225826988e+02
-6.731199999999999761e+01 -2.283800000000000097e+01 8.712000000000000455e+01 1.124383119225826988e+02
-6.610999999999999943e+01 -2.283800000000000097e+01 8.905599999999999739e+01 1.132390280777789116e+02
-6.490800000000000125e+01 -2.283800000000000097e+01 8.905599999999999739e+01 1.125415205335346371e+02
-6.610999999999999943e+01 -2.283800000000000097e+01 8.905599999999999739e+01 1.132390280777789116e+02
-6.610999999999999943e+01 -2.283800000000000097e+01 8.905599999999999739e+01 1.132390280777789116e+02
-6.490800000000000125e+01 -2.283800000000000097e+01 8.905599999999999739e+01 1.125415205335346371e+02
-6.610999999999999943e+01 -2.283800000000000097e+01 8.905599999999999739e+01 1.132390280777789116e+02
-6.490800000000000125e+01 -2.163599999999999923e+01 8.712000000000000455e+01 1.107748137439192533e+02
