# 4-1
-9.976600000000000534e+01 -5.409000000000000341e+01 6.195199999999999818e+01 1.292943663119163205e+02
-9.976600000000000534e+01 -5.529200000000000159e+01 6.195199999999999818e+01 1.298018117130881990e+02
-9.976600000000000534e+01 -5.409000000000000341e+01 6.195199999999999818e+01 1.292943663119163205e+02
-9.856399999999999295e+01 -5.529200000000000159e+01 6.195199999999999818e+01 1.288802454373826833e+02
-9.856399999999999295e+01 -5.649399999999999977e+01 6.195199999999999818e+01 1.294004808182720865e+02
-9.976600000000000534e+01 -5.649399999999999977e+01 6.195199999999999818e+01 1.303183682218281945e+02
-9.856399999999999295e+01 -5.529200000000000159e+01 6.195199999999999818e+01 1.288802454373826833e+02
-9.976600000000000534e+01 -5.649399999999999977e+01 6.001599999999999824e+01 1.294092231952576242e+02
-9.856399999999999295e+01 -5.769599999999999795e+01 6.195199999999999818e+01 1.299297533900530368e+02
-9.976600000000000534e+01 -5.649399999999999977e+01 6.001599999999999824e+01 1.294092231952576242e+02
