# 4-2
-2.067439999999999998e+02 -3.125199999999999889e+01 -1.355199999999999960e+01 2.095314433301121539e+02
-2.043400000000000034e+02 -2.764600000000000080e+01 -1.548799999999999955e+01 2.067825308385599499e+02
-2.079459999999999980e+02 -3.726200000000000045e+01 -1.742399999999999949e+01 2.119754498426645455e+02
-2.091479999999999961e+02 -4.086800000000000210e+01 -2.129599999999999937e+01 2.141648872808051749e+02
-2.091479999999999961e+02 -3.606000000000000227e+01 -1.935999999999999943e+01 2.131150372545306766e+02
-2.091479999999999961e+02 -3.365599999999999881e+01 -1.935999999999999943e+01 2.127214653954790720e+02
-2.079459999999999980e+02 -3.245400000000000063e+01 -1.935999999999999943e+01 2.113518645103468145e+02
-2.091479999999999961e+02 -3.245400000000000063e+01 -1.935999999999999943e+01 2.125346033473137481e+02
-2.079459999999999980e+02 -3.245400000000000063e+01 -1.935999999999999943e+01 2.113518645103468145e+02
-2.103499999999999943e+02 -3.245400000000000063e+01 -2.129599999999999937e+01 2.139016227895431257e+02
