# 4-5
2.872780000000000200e+02 3.377620000000000005e+02 5.033600000000000136e+02 6.708078022265393656e+02
2.896820000000000164e+02 3.593980000000000246e+02 4.994879999999999995e+02 6.801256102162305979e+02
2.884800000000000182e+02 3.377620000000000005e+02 5.052959999999999923e+02 6.727762827716209131e+02
2.860760000000000218e+02 3.293480000000000132e+02 5.072320000000000277e+02 6.690245770552827480e+02
2.872780000000000200e+02 3.137219999999999800e+02 5.091680000000000064e+02 6.634773506247217938e+02
2.860760000000000218e+02 3.173279999999999745e+02 5.091680000000000064e+02 6.646717908742630243e+02
2.872780000000000200e+02 3.185299999999999727e+02 5.072320000000000277e+02 6.642848124170836854e+02
2.872780000000000200e+02 3.161259999999999764e+02 5.091680000000000064e+02 6.646174458919958852e+02
2.860760000000000218e+02 3.149239999999999782e+02 5.091680000000000064e+02 6.635274340794056798e+02
2.848740000000000236e+02 3.149239999999999782e+02 5.111039999999999850e+02 6.644980214176713389e+02
