# 4-6
2.524200000000000088e+01 1.418360000000000127e+02 2.342560000000000002e+02 2.750099689029472643e+02
2.524200000000000088e+01 1.418360000000000127e+02 2.342560000000000002e+02 2.750099689029472643e+02
2.644399999999999906e+01 1.418360000000000127e+02 2.323199999999999932e+02 2.734763580860327465e+02
2.644399999999999906e+01 1.418360000000000127e+02 2.342560000000000002e+02 2.751228990251447613e+02
2.644399999999999906e+01 1.418360000000000127e+02 2.342560000000000002e+02 2.751228990251447613e+02
2.644399999999999906e+01 1.418360000000000127e+02 2.342560000000000002e+02 2.751228990251447613e+02
2.764600000000000080e+01 1.418360000000000127e+02 2.342560000000000002e+02 2.752410320936905919e+02
2.644399999999999906e+01 1.418360000000000127e+02 2.342560000000000002e+02 2.751228990251447613e+02
2.644399999999999906e+01 1.418360000000000127e+02 2.342560000000000002e+02 2.751228990251447613e+02
2.644399999999999906e+01 1.418360000000000127e+02 2.342560000000000002e+02 2.751228990251447613e+02
