# 4-7
-2.644399999999999906e+01 4.207000000000000028e+01 1.548799999999999955e+02 1.626560310471148796e+02
-2.644399999999999906e+01 4.207000000000000028e+01 1.548799999999999955e+02 1.626560310471148796e+02
-2.524200000000000088e+01 4.327199999999999847e+01 1.548799999999999955e+02 1.627803395622456719e+02
-2.524200000000000088e+01 4.327199999999999847e+01 1.548799999999999955e+02 1.627803395622456719e+02
-2.524200000000000088e+01 4.207000000000000028e+01 1.529439999999999884e+02 1.606203928522153603e+02
-2.524200000000000088e+01 4.207000000000000028e+01 1.529439999999999884e+02 1.606203928522153603e+02
-2.644399999999999906e+01 4.086800000000000210e+01 1.529439999999999884e+02 1.605034133468818140e+02
-2.524200000000000088e+01 4.207000000000000028e+01 1.529439999999999884e+02 1.606203928522153603e+02
-2.403999999999999915e+01 4.447399999999999665e+01 1.529439999999999884e+02 1.610829767914660806e+02
-2.524200000000000088e+01 4.447399999999999665e+01 1.548799999999999955e+02 1.631039841328224611e+02
