# 5-0
-6.010000000000000142e+01 -2.403999999999999915e+00 9.099200000000000443e+01 1.090748975704309487e+02
-6.130199999999999960e+01 -2.403999999999999915e+00 8.905599999999999739e+01 1.081419694475738567e+02
-6.010000000000000142e+01 -2.403999999999999915e+00 8.905599999999999739e+01 1.074651587818116951e+02
-6.130199999999999960e+01 -2.403999999999999915e+00 9.099200000000000443e+01 1.097417809405333173e+02
-6.130199999999999960e+01 -1.201999999999999957e+00 9.099200000000000443e+01 1.097220309327165211e+02
-6.130199999999999960e+01 -2.403999999999999915e+00 9.099200000000000443e+01 1.097417809405333173e+02
-6.130199999999999960e+01 -2.403999999999999915e+00 8.905599999999999739e+01 1.081419694475738567e+02
-6.130199999999999960e+01 -2.403999999999999915e+00 8.905599999999999739e+01 1.081419694475738567e+02
-6.130199999999999960e+01 -2.403999999999999915e+00 9.099200000000000443e+01 1.097417809405333173e+02
-6.130199999999999960e+01 -3.605999999999999872e+00 9.099200000000000443e+01 1.097746897239978665e+02
