# 5-1
-7.812999999999999545e+01 6.009999999999999787e+00 8.324800000000000466e+01 1.143269281665522641e+02
-7.692799999999999727e+01 7.211999999999999744e+00 8.518399999999999750e+01 1.150054084989049556e+02
-7.692799999999999727e+01 6.009999999999999787e+00 8.324800000000000466e+01 1.135088841809309628e+02
-7.692799999999999727e+01 7.211999999999999744e+00 8.518399999999999750e+01 1.150054084989049556e+02
-7.692799999999999727e+01 7.211999999999999744e+00 8.518399999999999750e+01 1.150054084989049556e+02
-7.812999999999999545e+01 7.211999999999999744e+00 8.324800000000000466e+01 1.143964131780363118e+02
-7.692799999999999727e+01 7.211999999999999744e+00 8.518399999999999750e+01 1.150054084989049556e+02
-7.692799999999999727e+01 7.211999999999999744e+00 8.518399999999999750e+01 1.150054084989049556e+02
-7.692799999999999727e+01 6.009999999999999787e+00 8.518399999999999750e+01 1.149362916575961151e+02
-7.692799999999999727e+01 6.009999999999999787e+00 8.518399999999999750e+01 1.149362916575961151e+02
