# 5-2
-9.976600000000000534e+01 6.370600000000000307e+01 5.227199999999999847e+01 1.293988839828226673e+02
-1.045739999999999981e+02 6.370600000000000307e+01 4.839999999999999858e+01 1.316690393068925005e+02
-9.856399999999999295e+01 6.370600000000000307e+01 5.227199999999999847e+01 1.284744274787788356e+02
-9.736199999999999477e+01 6.490800000000000125e+01 5.420799999999999841e+01 1.289609040445979531e+02
-9.856399999999999295e+01 6.490800000000000125e+01 5.420799999999999841e+01 1.298707735558697607e+02
-9.856399999999999295e+01 6.490800000000000125e+01 5.420799999999999841e+01 1.298707735558697607e+02
-1.045739999999999981e+02 6.490800000000000125e+01 4.839999999999999858e+01 1.322547917468399419e+02
-1.045739999999999981e+02 6.490800000000000125e+01 4.839999999999999858e+01 1.322547917468399419e+02
-1.045739999999999981e+02 6.370600000000000307e+01 4.839999999999999858e+01 1.316690393068925005e+02
-1.045739999999999981e+02 6.490800000000000125e+01 4.839999999999999858e+01 1.322547917468399419e+02
