# 5-5
-2.860760000000000218e+02 1.406339999999999861e+02 1.180960000000000036e+02 3.399471502277964419e+02
-2.860760000000000218e+02 1.394319999999999879e+02 1.180960000000000036e+02 3.394516543132468200e+02
-2.860760000000000218e+02 1.406339999999999861e+02 1.180960000000000036e+02 3.399471502277964419e+02
-2.836720000000000255e+02 1.370279999999999916e+02 1.200319999999999965e+02 3.371263226032639864e+02
-2.860760000000000218e+02 1.406339999999999861e+02 1.200319999999999965e+02 3.406245451461183507e+02
-2.884800000000000182e+02 1.454420000000000073e+02 1.200319999999999965e+02 3.446473078206183231e+02
-2.896820000000000164e+02 1.478460000000000036e+02 1.180960000000000036e+02 3.460068872956143764e+02
-2.908840000000000146e+02 1.466440000000000055e+02 1.200319999999999965e+02 3.471680359940990002e+02
-2.920860000000000127e+02 1.526539999999999964e+02 1.180960000000000036e+02 3.500916170490233412e+02
-2.932880000000000109e+02 1.526539999999999964e+02 1.180960000000000036e+02 3.510950866588707981e+02
