# 5-6
-7.933199999999999363e+01 8.414000000000000057e+01 1.335840000000000032e+02 1.766855706615568522e+02
-7.933199999999999363e+01 8.293800000000000239e+01 1.355200000000000102e+02 1.775892690113904564e+02
-7.933199999999999363e+01 8.293800000000000239e+01 1.335840000000000032e+02 1.761163340635955876e+02
-7.933199999999999363e+01 8.414000000000000057e+01 1.335840000000000032e+02 1.766855706615568522e+02
-7.933199999999999363e+01 8.293800000000000239e+01 1.355200000000000102e+02 1.775892690113904564e+02
-7.933199999999999363e+01 8.414000000000000057e+01 1.335840000000000032e+02 1.766855706615568522e+02
-7.812999999999999545e+01 8.293800000000000239e+01 1.335840000000000032e+02 1.755781700553915812e+02
-7.933199999999999363e+01 8.293800000000000239e+01 1.355200000000000102e+02 1.775892690113904564e+02
-7.933199999999999363e+01 8.414000000000000057e+01 1.335840000000000032e+02 1.766855706615568522e+02
-8.053400000000000603e+01 8.414000000000000057e+01 1.355200000000000102e+02 1.786922918203244706e+02
