# 5-7
-6.010000000000000142e+01 4.327199999999999847e+01 1.200319999999999965e+02 1.410395583090077594e+02
-5.889800000000000324e+01 4.327199999999999847e+01 1.200319999999999965e+02 1.405315673149630697e+02
-6.010000000000000142e+01 4.327199999999999847e+01 1.219680000000000035e+02 1.426908161305414922e+02
-5.769599999999999795e+01 4.447399999999999665e+01 1.219680000000000035e+02 1.420667382465016146e+02
-5.769599999999999795e+01 4.447399999999999665e+01 1.219680000000000035e+02 1.420667382465016146e+02
-5.769599999999999795e+01 4.447399999999999665e+01 1.219680000000000035e+02 1.420667382465016146e+02
-5.769599999999999795e+01 4.567600000000000193e+01 1.219680000000000035e+02 1.424475988425217565e+02
-5.649399999999999977e+01 4.327199999999999847e+01 1.219680000000000035e+02 1.412098829544164857e+02
-5.529200000000000159e+01 4.207000000000000028e+01 1.200319999999999965e+02 1.386894775676943539e+02
-5.649399999999999977e+01 3.966599999999999682e+01 1.200319999999999965e+02 1.384653191813747810e+02
