# 6-0
-5.288799999999999812e+01 6.009999999999999787e+00 9.099200000000000443e+01 1.054172884682583771e+02
-5.288799999999999812e+01 7.211999999999999744e+00 9.099200000000000443e+01 1.054926421699636876e+02
-5.288799999999999812e+01 7.211999999999999744e+00 9.099200000000000443e+01 1.054926421699636876e+02
-5.288799999999999812e+01 7.211999999999999744e+00 9.292799999999999727e+01 1.071670036531767494e+02
-5.288799999999999812e+01 6.009999999999999787e+00 9.292799999999999727e+01 1.070928280885326132e+02
-5.168599999999999994e+01 7.211999999999999744e+00 9.292799999999999727e+01 1.065789318955674361e+02
-5.168599999999999994e+01 7.211999999999999744e+00 9.292799999999999727e+01 1.065789318955674361e+02
-5.168599999999999994e+01 6.009999999999999787e+00 9.099200000000000443e+01 1.048194006851785218e+02
-5.168599999999999994e+01 6.009999999999999787e+00 9.099200000000000443e+01 1.048194006851785218e+02
-5.288799999999999812e+01 6.009999999999999787e+00 9.292799999999999727e+01 1.070928280885326132e+02
