# 6-1
-5.168599999999999994e+01 1.923199999999999932e+01 9.486400000000000432e+01 1.097291707614707263e+02
-5.048400000000000176e+01 2.043400000000000105e+01 9.486400000000000432e+01 1.093862930535631648e+02
-5.048400000000000176e+01 1.923199999999999932e+01 9.486400000000000432e+01 1.091681390150074975e+02
-5.048400000000000176e+01 1.923199999999999932e+01 9.486400000000000432e+01 1.091681390150074975e+02
-5.048400000000000176e+01 1.923199999999999932e+01 9.486400000000000432e+01 1.091681390150074975e+02
-5.168599999999999994e+01 1.923199999999999932e+01 9.292799999999999727e+01 1.080598241901216454e+02
-5.168599999999999994e+01 1.803000000000000114e+01 9.486400000000000432e+01 1.095248921113369533e+02
-5.168599999999999994e+01 1.803000000000000114e+01 9.486400000000000432e+01 1.095248921113369533e+02
-5.168599999999999994e+01 1.923199999999999932e+01 9.486400000000000432e+01 1.097291707614707263e+02
-5.168599999999999994e+01 1.803000000000000114e+01 9.486400000000000432e+01 1.095248921113369533e+02
