# 6-2
-3.485799999999999699e+01 3.485799999999999699e+01 1.006719999999999970e+02 1.120937639300242239e+02
-3.606000000000000227e+01 3.606000000000000227e+01 1.026080000000000041e+02 1.145820617025195673e+02
-3.606000000000000227e+01 3.606000000000000227e+01 1.006719999999999970e+02 1.128516671742159048e+02
-3.485799999999999699e+01 3.606000000000000227e+01 1.006719999999999970e+02 1.124733539466126189e+02
-3.606000000000000227e+01 3.606000000000000227e+01 1.006719999999999970e+02 1.128516671742159048e+02
-3.485799999999999699e+01 3.606000000000000227e+01 1.006719999999999970e+02 1.124733539466126189e+02
-3.485799999999999699e+01 3.485799999999999699e+01 1.006719999999999970e+02 1.120937639300242239e+02
-3.726200000000000045e+01 3.606000000000000227e+01 1.006719999999999970e+02 1.132414757410022474e+02
-3.726200000000000045e+01 3.606000000000000227e+01 9.873600000000000421e+01 1.115238895483833232e+02
-3.606000000000000227e+01 3.485799999999999699e+01 1.006719999999999970e+02 1.124733539466126189e+02
