# 6-3
-4.807999999999999829e+01 -6.130199999999999960e+01 1.955360000000000014e+02 2.104850324844975944e+02
-4.807999999999999829e+01 -6.010000000000000142e+01 1.955360000000000014e+02 2.101381062444410759e+02
-4.447399999999999665e+01 -5.649399999999999977e+01 1.916639999999999873e+02 2.047061249889704584e+02
-4.447399999999999665e+01 -5.409000000000000341e+01 1.897280000000000086e+02 2.022384205832314024e+02
-4.447399999999999665e+01 -5.529200000000000159e+01 1.897280000000000086e+02 2.025632146368140525e+02
-4.207000000000000028e+01 -5.168599999999999994e+01 1.858559999999999945e+02 1.974431063167311322e+02
-4.086800000000000210e+01 -4.928199999999999648e+01 1.839199999999999875e+02 1.947446413845577240e+02
-3.966599999999999682e+01 -4.807999999999999829e+01 1.858559999999999945e+02 1.960294128236882614e+02
-3.726200000000000045e+01 -4.567600000000000193e+01 1.800480000000000018e+02 1.894519356565142232e+02
-3.726200000000000045e+01 -4.567600000000000193e+01 1.800480000000000018e+02 1.894519356565142232e+02
