# 6-4
-2.079459999999999980e+02 -2.440060000000000002e+02 -1.161599999999999966e+01 3.208042992355308343e+02
-2.223700000000000045e+02 -2.404000000000000057e+02 -1.161599999999999966e+01 3.276820232420448633e+02
-2.259759999999999991e+02 -2.440060000000000002e+02 -1.548799999999999955e+01 3.329323636356189127e+02
-2.259759999999999991e+02 -2.440060000000000002e+02 -1.548799999999999955e+01 3.329323636356189127e+02
-2.259759999999999991e+02 -2.428040000000000020e+02 -1.548799999999999955e+01 3.320524252825146618e+02
-2.283799999999999955e+02 -2.464099999999999966e+02 -2.129599999999999937e+01 3.366434792417639983e+02
-2.331879999999999882e+02 -2.488139999999999930e+02 -2.323199999999999932e+01 3.417963951887146550e+02
-2.307839999999999918e+02 -2.476119999999999948e+02 -2.323199999999999932e+01 3.392826005323585719e+02
-2.331879999999999882e+02 -2.488139999999999930e+02 -2.516799999999999926e+01 3.419334411314576414e+02
