# 6-5
-1.658760000000000048e+02 5.769599999999999795e+01 1.335840000000000032e+02 2.206543923152222249e+02
-1.634720000000000084e+02 5.409000000000000341e+01 1.316479999999999961e+02 2.167487457587701840e+02
-1.634720000000000084e+02 5.409000000000000341e+01 1.316479999999999961e+02 2.167487457587701840e+02
-1.646740000000000066e+02 5.529200000000000159e+01 1.316479999999999961e+02 2.179585452419794365e+02
-1.646740000000000066e+02 5.529200000000000159e+01 1.335840000000000032e+02 2.191333306368522358e+02
-1.646740000000000066e+02 5.769599999999999795e+01 1.316479999999999961e+02 2.185807644693375096e+02
-1.658760000000000048e+02 5.769599999999999795e+01 1.316479999999999961e+02 2.194877483961234645e+02
-1.670780000000000030e+02 5.769599999999999795e+01 1.335840000000000032e+02 2.215594086379542773e+02
-1.682800000000000011e+02 5.889800000000000324e+01 1.335840000000000032e+02 2.227819962654074004e+02
-1.670780000000000030e+02 5.769599999999999795e+01 1.335840000000000032e+02 2.215594086379542773e+02
