# 6-6
-8.774599999999999511e+01 4.086800000000000210e+01 1.277759999999999962e+02 1.603005306167137860e+02
-8.654399999999999693e+01 4.086800000000000210e+01 1.277759999999999962e+02 1.596457438706086975e+02
-8.654399999999999693e+01 3.966599999999999682e+01 1.258400000000000034e+02 1.577940464402887528e+02
-8.534199999999999875e+01 4.086800000000000210e+01 1.258400000000000034e+02 1.574457239432052802e+02
-8.534199999999999875e+01 4.086800000000000210e+01 1.277759999999999962e+02 1.589973476634123131e+02
-8.534199999999999875e+01 4.086800000000000210e+01 1.277759999999999962e+02 1.589973476634123131e+02
-8.654399999999999693e+01 4.086800000000000210e+01 1.258400000000000034e+02 1.581004837437254764e+02
-8.534199999999999875e+01 4.086800000000000210e+01 1.277759999999999962e+02 1.589973476634123131e+02
-8.534199999999999875e+01 4.086800000000000210e+01 1.258400000000000034e+02 1.574457239432052802e+02
-8.534199999999999875e+01 4.086800000000000210e+01 1.277759999999999962e+02 1.589973476634123131e+02
