# 6-7
-6.130199999999999960e+01 2.163599999999999923e+01 1.122879999999999967e+02 1.297483974621652010e+02
-6.130199999999999960e+01 2.163599999999999923e+01 1.103520000000000039e+02 1.280766005326499908e+02
-5.889800000000000324e+01 2.163599999999999923e+01 1.122879999999999967e+02 1.286300347663795094e+02
-6.010000000000000142e+01 2.163599999999999923e+01 1.122879999999999967e+02 1.291848344040429311e+02
-5.889800000000000324e+01 2.283800000000000097e+01 1.122879999999999967e+02 1.288376637167874037e+02
-6.010000000000000142e+01 2.163599999999999923e+01 1.122879999999999967e+02 1.291848344040429311e+02
-5.889800000000000324e+01 2.163599999999999923e+01 1.103520000000000039e+02 1.269435102870564265e+02
-6.010000000000000142e+01 2.163599999999999923e+01 1.122879999999999967e+02 1.291848344040429311e+02
-6.010000000000000142e+01 2.163599999999999923e+01 1.103520000000000039e+02 1.275056485023310699e+02
-5.889800000000000324e+01 2.043400000000000105e+01 1.122879999999999967e+02 1.284333200692094579e+02
