# 7-0
-4.327199999999999847e+01 4.807999999999999829e+00 9.292799999999999727e+01 1.026216158126542126e+02
-4.086800000000000210e+01 4.807999999999999829e+00 9.486400000000000432e+01 1.034044911210340132e+02
-4.207000000000000028e+01 4.807999999999999829e+00 9.292799999999999727e+01 1.021205902254780398e+02
-4.207000000000000028e+01 4.807999999999999829e+00 9.486400000000000432e+01 1.038854188998629411e+02
-4.207000000000000028e+01 4.807999999999999829e+00 9.486400000000000432e+01 1.038854188998629411e+02
-4.207000000000000028e+01 4.807999999999999829e+00 9.486400000000000432e+01 1.038854188998629411e+02
-4.207000000000000028e+01 4.807999999999999829e+00 9.486400000000000432e+01 1.038854188998629411e+02
-4.327199999999999847e+01 6.009999999999999787e+00 9.486400000000000432e+01 1.044402440632919991e+02
-4.327199999999999847e+01 6.009999999999999787e+00 9.292799999999999727e+01 1.026849515167631637e+02
-4.327199999999999847e+01 4.807999999999999829e+00 9.292799999999999727e+01 1.026216158126542126e+02
