# 7-1
-3.606000000000000227e+01 8.413999999999999702e+00 9.679999999999999716e+01 1.036405277678572929e+02
-3.485799999999999699e+01 7.211999999999999744e+00 9.679999999999999716e+01 1.031374476511805085e+02
-3.606000000000000227e+01 9.615999999999999659e+00 9.679999999999999716e+01 1.037450290664569650e+02
-3.606000000000000227e+01 9.615999999999999659e+00 9.679999999999999716e+01 1.037450290664569650e+02
-3.606000000000000227e+01 9.615999999999999659e+00 9.873600000000000421e+01 1.055537244818959550e+02
-3.485799999999999699e+01 9.615999999999999659e+00 9.679999999999999716e+01 1.033333809569782744e+02
-3.606000000000000227e+01 9.615999999999999659e+00 9.679999999999999716e+01 1.037450290664569650e+02
-3.606000000000000227e+01 8.413999999999999702e+00 9.873600000000000421e+01 1.054510156044027980e+02
-3.606000000000000227e+01 9.615999999999999659e+00 9.679999999999999716e+01 1.037450290664569650e+02
-3.606000000000000227e+01 7.211999999999999744e+00 9.679999999999999716e+01 1.035498746691660585e+02
