# 7-2
-2.163599999999999923e+01 0.000000000000000000e+00 9.679999999999999716e+01 9.918848973545267711e+01
-2.043400000000000105e+01 0.000000000000000000e+00 9.679999999999999716e+01 9.893325202377610594e+01
-2.043400000000000105e+01 0.000000000000000000e+00 9.679999999999999716e+01 9.893325202377610594e+01
-2.043400000000000105e+01 0.000000000000000000e+00 9.679999999999999716e+01 9.893325202377610594e+01
-2.163599999999999923e+01 0.000000000000000000e+00 9.679999999999999716e+01 9.918848973545267711e+01
-2.043400000000000105e+01 0.000000000000000000e+00 9.873600000000000421e+01 1.008282998567366491e+02
-2.043400000000000105e+01 0.000000000000000000e+00 9.873600000000000421e+01 1.008282998567366491e+02
-2.043400000000000105e+01 0.000000000000000000e+00 9.679999999999999716e+01 9.893325202377610594e+01
-1.923199999999999932e+01 0.000000000000000000e+00 9.873600000000000421e+01 1.005915877198486328e+02
