# 7-3
-2.644399999999999906e+01 -2.524200000000000088e+01 9.679999999999999716e+01 1.034731061677380950e+02
-2.644399999999999906e+01 -2.524200000000000088e+01 9.679999999999999716e+01 1.034731061677380950e+02
-2.524200000000000088e+01 -2.524200000000000088e+01 9.679999999999999716e+01 1.031724630315667213e+02
-2.524200000000000088e+01 -2.403999999999999915e+01 9.679999999999999716e+01 1.028849851241666897e+02
-2.644399999999999906e+01 -2.524200000000000088e+01 9.679999999999999716e+01 1.034731061677380950e+02
-2.524200000000000088e+01 -2.524200000000000088e+01 9.873600000000000421e+01 1.049910225876479473e+02
-2.524200000000000088e+01 -2.524200000000000088e+01 9.679999999999999716e+01 1.031724630315667213e+02
-2.644399999999999906e+01 -2.524200000000000088e+01 9.679999999999999716e+01 1.034731061677380950e+02
-2.524200000000000088e+01 -2.524200000000000088e+01 9.679999999999999716e+01 1.031724630315667213e+02
-2.524200000000000088e+01 -2.644399999999999906e+01 9.486400000000000432e+01 1.016642621376853413e+02
