# 7-4
-7.332200000000000273e+01 -2.403999999999999915e+01 1.026080000000000041e+02 1.283839512867554618e+02
-7.332200000000000273e+01 -2.403999999999999915e+01 1.026080000000000041e+02 1.283839512867554618e+02
-7.452400000000000091e+01 -2.403999999999999915e+01 1.006719999999999970e+02 1.275405808360617499e+02
-7.332200000000000273e+01 -2.524200000000000088e+01 1.006719999999999970e+02 1.270752762420762991e+02
-7.212000000000000455e+01 -2.524200000000000088e+01 1.026080000000000041e+02 1.279330083598443366e+02
-7.091800000000000637e+01 -2.644399999999999906e+01 1.026080000000000041e+02 1.275031353496846407e+02
-6.971599999999999397e+01 -2.524200000000000088e+01 1.026080000000000041e+02 1.265933682465238803e+02
-6.731199999999999761e+01 -2.644399999999999906e+01 1.026080000000000041e+02 1.255332312338051821e+02
-6.851399999999999579e+01 -2.764600000000000080e+01 1.006719999999999970e+02 1.248732200914191139e+02
-6.370600000000000307e+01 -2.884799999999999898e+01 1.026080000000000041e+02 1.241735205428274895e+02
