# 7-5
-7.812999999999999545e+01 -4.807999999999999829e+00 1.084159999999999968e+02 1.337215121810997118e+02
-7.692799999999999727e+01 -3.605999999999999872e+00 1.103520000000000039e+02 1.345677685183194399e+02
-7.692799999999999727e+01 -3.605999999999999872e+00 1.084159999999999968e+02 1.329847715943445792e+02
-7.812999999999999545e+01 -3.605999999999999872e+00 1.103520000000000039e+02 1.352585081981906114e+02
-7.692799999999999727e+01 -4.807999999999999829e+00 1.084159999999999968e+02 1.330227916712019862e+02
-7.812999999999999545e+01 -4.807999999999999829e+00 1.084159999999999968e+02 1.337215121810997118e+02
-7.933199999999999363e+01 -4.807999999999999829e+00 1.084159999999999968e+02 1.344273489435836382e+02
-7.933199999999999363e+01 -3.605999999999999872e+00 1.084159999999999968e+02 1.343897262293513108e+02
-7.933199999999999363e+01 -3.605999999999999872e+00 1.084159999999999968e+02 1.343897262293513108e+02
-7.933199999999999363e+01 -3.605999999999999872e+00 1.084159999999999968e+02 1.343897262293513108e+02
