# 7-6
-7.212000000000000455e+01 8.413999999999999702e+00 1.045439999999999969e+02 1.272852612520397031e+02
-7.332200000000000273e+01 9.615999999999999659e+00 1.045439999999999969e+02 1.280547971612153333e+02
-7.212000000000000455e+01 8.413999999999999702e+00 1.045439999999999969e+02 1.272852612520397031e+02
-7.212000000000000455e+01 8.413999999999999702e+00 1.045439999999999969e+02 1.272852612520397031e+02
-7.212000000000000455e+01 8.413999999999999702e+00 1.045439999999999969e+02 1.272852612520397031e+02
-7.332200000000000273e+01 8.413999999999999702e+00 1.045439999999999969e+02 1.279701489254427571e+02
-7.332200000000000273e+01 9.615999999999999659e+00 1.045439999999999969e+02 1.280547971612153333e+02
-7.212000000000000455e+01 8.413999999999999702e+00 1.045439999999999969e+02 1.272852612520397031e+02
-7.452400000000000091e+01 1.081799999999999962e+01 1.045439999999999969e+02 1.288421655980680782e+02
-7.332200000000000273e+01 9.615999999999999659e+00 1.045439999999999969e+02 1.280547971612153333e+02
