# 7-7
-5.769599999999999795e+01 1.322199999999999953e+01 1.045439999999999969e+02 1.201378276647284764e+02
-5.649399999999999977e+01 1.322199999999999953e+01 1.045439999999999969e+02 1.195652175843794396e+02
-5.769599999999999795e+01 1.201999999999999957e+01 1.045439999999999969e+02 1.200114859169737827e+02
-5.769599999999999795e+01 1.201999999999999957e+01 1.045439999999999969e+02 1.200114859169737827e+02
-5.889800000000000324e+01 1.201999999999999957e+01 1.045439999999999969e+02 1.205939581405304040e+02
-5.889800000000000324e+01 1.201999999999999957e+01 1.045439999999999969e+02 1.205939581405304040e+02
-6.130199999999999960e+01 1.201999999999999957e+01 1.045439999999999969e+02 1.217861385380126080e+02
-5.889800000000000324e+01 1.322199999999999953e+01 1.045439999999999969e+02 1.207196902911865379e+02
-5.889800000000000324e+01 1.322199999999999953e+01 1.026080000000000041e+02 1.190470384007934967e+02
-5.889800000000000324e+01 1.322199999999999953e+01 1.064800000000000040e+02 1.224001065685810659e+02
