# 0-0
-3.450000000000000000e+01 -2.505000000000000071e+01 1.016400000000000006e+02 1.102199714207910688e+02
-3.570000000000000284e+01 -2.580000000000000071e+01 1.001880000000000024e+02 1.094429775910725056e+02
-3.554999999999999716e+01 -2.535000000000000142e+01 1.006719999999999970e+02 1.097327507355939673e+02
-3.525000000000000000e+01 -2.610000000000000142e+01 1.006719999999999970e+02 1.098117666008520246e+02
-3.554999999999999716e+01 -2.550000000000000000e+01 9.921999999999999886e+01 1.084373593370845583e+02
-3.570000000000000284e+01 -2.505000000000000071e+01 9.994599999999999795e+01 1.090467579343833648e+02
-3.479999999999999716e+01 -2.519999999999999929e+01 1.004300000000000068e+02 1.092349069665919643e+02
-3.479999999999999716e+01 -2.550000000000000000e+01 9.970399999999999352e+01 1.086378277396966183e+02
-3.479999999999999716e+01 -2.625000000000000000e+01 1.013979999999999961e+02 1.103705436427672879e+02
