# 0-1
-2.444999999999999929e+01 -4.604999999999999716e+01 1.023659999999999997e+02 1.148790797142804507e+02
-2.355000000000000071e+01 -4.589999999999999858e+01 1.023659999999999997e+02 1.146307570244565710e+02
-2.385000000000000142e+01 -4.439999999999999858e+01 1.023659999999999997e+02 1.141007469563630963e+02
-2.414999999999999858e+01 -4.425000000000000000e+01 1.030919999999999987e+02 1.147573329421697537e+02
-2.294999999999999929e+01 -4.500000000000000000e+01 1.033340000000000032e+02 1.150200767518436322e+02
-2.430000000000000071e+01 -4.425000000000000000e+01 1.023659999999999997e+02 1.141374191753081533e+02
-2.355000000000000071e+01 -4.410000000000000142e+01 1.018820000000000050e+02 1.134872434417190448e+02
-2.414999999999999858e+01 -4.529999999999999716e+01 1.018820000000000050e+02 1.140844179719561851e+02
-2.355000000000000071e+01 -4.485000000000000142e+01 1.018820000000000050e+02 1.137807845112697436e+02
-2.339999999999999858e+01 -4.500000000000000000e+01 1.026080000000000041e+02 1.144594323941893350e+02
