# 0-2
2.130000000000000071e+01 -5.400000000000000000e+01 9.897799999999999443e+01 1.147446490429945953e+02
2.069999999999999929e+01 -5.460000000000000142e+01 9.921999999999999886e+01 1.151271401538316610e+02
2.055000000000000071e+01 -5.325000000000000000e+01 1.006719999999999970e+02 1.157269051863048759e+02
2.055000000000000071e+01 -5.400000000000000000e+01 1.001880000000000024e+02 1.156543896443191670e+02
1.950000000000000000e+01 -5.460000000000000142e+01 1.001880000000000024e+02 1.157542454685788158e+02
2.085000000000000142e+01 -5.429999999999999716e+01 1.001880000000000024e+02 1.158483830012313973e+02
1.950000000000000000e+01 -5.385000000000000142e+01 1.006719999999999970e+02 1.158228133141308263e+02
2.025000000000000000e+01 -5.504999999999999716e+01 9.970399999999999352e+01 1.156782287900363713e+02
2.010000000000000142e+01 -5.520000000000000284e+01 1.001880000000000024e+02 1.161407996528351845e+02
2.025000000000000000e+01 -5.460000000000000142e+01 1.011560000000000059e+02 1.167208586157589991e+02
