# 0-3
4.754999999999999716e+01 -2.714999999999999858e+01 9.728400000000000603e+01 1.116346794504288482e+02
4.814999999999999858e+01 -2.700000000000000000e+01 9.679999999999999716e+01 1.114345660017572754e+02
4.785000000000000142e+01 -2.714999999999999858e+01 9.655800000000000693e+01 1.111314193376472730e+02
4.829999999999999716e+01 -2.744999999999999929e+01 9.655800000000000693e+01 1.113994607886411643e+02
4.860000000000000142e+01 -2.760000000000000142e+01 9.679999999999999716e+01 1.117763839100192058e+02
4.739999999999999858e+01 -2.685000000000000142e+01 9.752599999999999625e+01 1.117094587579762504e+02
4.754999999999999716e+01 -2.700000000000000000e+01 9.679999999999999716e+01 1.111766274897741340e+02
4.785000000000000142e+01 -2.730000000000000071e+01 9.607399999999999807e+01 1.107480292194854314e+02
4.739999999999999858e+01 -2.625000000000000000e+01 9.655800000000000693e+01 1.107215871634795548e+02
4.754999999999999716e+01 -2.669999999999999929e+01 9.679999999999999716e+01 1.111041515875981958e+02
