# 0-4
5.175000000000000000e+01 -4.349999999999999645e+00 8.494199999999999307e+01 9.955967237792619073e+01
5.129999999999999716e+01 -4.049999999999999822e+00 8.445799999999999841e+01 9.890018333653381433e+01
5.189999999999999858e+01 -3.750000000000000000e+00 8.445799999999999841e+01 9.920093882620264480e+01
5.129999999999999716e+01 -4.349999999999999645e+00 8.324800000000000466e+01 9.788177564797238972e+01
5.145000000000000284e+01 -4.049999999999999822e+00 8.373199999999999932e+01 9.835930471490738114e+01
5.114999999999999858e+01 -3.750000000000000000e+00 8.445799999999999841e+01 9.881062070445665313e+01
5.160000000000000142e+01 -5.400000000000000355e+00 8.421599999999999397e+01 9.891438043075434905e+01
5.070000000000000284e+01 -4.500000000000000000e+00 8.518399999999999750e+01 9.923232263733424929e+01
5.129999999999999716e+01 -4.500000000000000000e+00 8.518399999999999750e+01 9.954021225615304047e+01
