# 0-5
3.554999999999999716e+01 3.000000000000000000e+01 7.792400000000000659e+01 9.075214750076165160e+01
3.600000000000000000e+01 2.910000000000000142e+01 7.816599999999999682e+01 9.084455710718171417e+01
3.539999999999999858e+01 3.000000000000000000e+01 7.792400000000000659e+01 9.069349357037692982e+01
3.570000000000000284e+01 2.864999999999999858e+01 7.840800000000000125e+01 9.079166792167659139e+01
3.660000000000000142e+01 2.955000000000000071e+01 7.768200000000000216e+01 9.081440207367992912e+01
3.585000000000000142e+01 2.969999999999999929e+01 7.768200000000000216e+01 9.056382072328884192e+01
3.600000000000000000e+01 2.939999999999999858e+01 7.840800000000000125e+01 9.114918795030484944e+01
3.570000000000000284e+01 2.985000000000000142e+01 7.792400000000000659e+01 9.076156827644616953e+01
3.525000000000000000e+01 2.969999999999999929e+01 7.623000000000000398e+01 8.908235178754544847e+01
3.570000000000000284e+01 2.939999999999999858e+01 7.768200000000000216e+01 9.040654359060521017e+01
