# 0-6
-2.700000000000000178e+00 3.570000000000000284e+01 7.889199999999999591e+01 8.663560275083217732e+01
-2.399999999999999911e+00 3.600000000000000000e+01 7.913400000000000034e+01 8.697097191592146714e+01
-2.250000000000000000e+00 3.510000000000000142e+01 8.010200000000000387e+01 8.748372936723720272e+01
-2.700000000000000178e+00 3.600000000000000000e+01 7.743999999999999773e+01 8.544146300245566295e+01
-3.149999999999999911e+00 3.675000000000000000e+01 7.937600000000000477e+01 8.752733502169479607e+01
-2.549999999999999822e+00 3.570000000000000284e+01 7.865000000000000568e+01 8.641073428689286118e+01
-3.149999999999999911e+00 3.614999999999999858e+01 7.768200000000000216e+01 8.573936157914870648e+01
-2.850000000000000089e+00 3.614999999999999858e+01 7.865000000000000568e+01 8.660697142840177776e+01
-2.850000000000000089e+00 3.614999999999999858e+01 7.865000000000000568e+01 8.660697142840177776e+01
-2.399999999999999911e+00 3.539999999999999858e+01 7.816599999999999682e+01 8.584196850026215486e+01
