# 0-7
-2.444999999999999929e+01 2.235000000000000142e+01 8.615200000000000102e+01 9.230109481474204358e+01
-2.385000000000000142e+01 2.175000000000000000e+01 8.494199999999999307e+01 9.086819225669671596e+01
-2.325000000000000000e+01 2.250000000000000000e+01 8.663599999999999568e+01 9.248031680309058800e+01
-2.444999999999999929e+01 2.294999999999999929e+01 8.615200000000000102e+01 9.244821309252007779e+01
-2.430000000000000071e+01 2.325000000000000000e+01 8.494199999999999307e+01 9.135751673507768089e+01
-2.475000000000000000e+01 2.369999999999999929e+01 8.494199999999999307e+01 9.159364532542636539e+01
-2.460000000000000142e+01 2.339999999999999858e+01 8.542600000000000193e+01 9.192563013654027770e+01
-2.444999999999999929e+01 2.369999999999999929e+01 8.615200000000000102e+01 9.263724739002125830e+01
-2.505000000000000071e+01 2.355000000000000071e+01 8.639400000000000546e+01 9.298402140152897744e+01
-2.489999999999999858e+01 2.310000000000000142e+01 8.663599999999999568e+01 9.305598581499202737e+01
