# 1-0
-5.504999999999999716e+01 -2.655000000000000071e+01 1.043020000000000067e+02 1.208896695503797076e+02
-5.564999999999999858e+01 -2.775000000000000000e+01 1.043020000000000067e+02 1.214326653088039620e+02
-5.520000000000000284e+01 -2.700000000000000000e+01 1.038179999999999978e+02 1.206408600930878663e+02
-5.489999999999999858e+01 -2.685000000000000142e+01 1.038179999999999978e+02 1.204703682404930731e+02
-5.445000000000000284e+01 -2.714999999999999858e+01 1.045439999999999969e+02 1.209602122021948105e+02
-5.475000000000000000e+01 -2.714999999999999858e+01 1.038179999999999978e+02 1.204693410125580471e+02
-5.489999999999999858e+01 -2.700000000000000000e+01 1.052699999999999960e+02 1.217570650927493432e+02
-5.535000000000000142e+01 -2.594999999999999929e+01 1.052699999999999960e+02 1.217324849824400843e+02
-5.504999999999999716e+01 -2.714999999999999858e+01 1.043020000000000067e+02 1.210228581880299146e+02
-5.504999999999999716e+01 -2.700000000000000000e+01 1.033340000000000032e+02 1.201558074168701893e+02
