# 1-1
-5.564999999999999858e+01 -8.429999999999999716e+01 1.084159999999999968e+02 1.481804358071604497e+02
-5.504999999999999716e+01 -8.459999999999999432e+01 1.081740000000000066e+02 1.479502510170225946e+02
-5.535000000000000142e+01 -8.459999999999999432e+01 1.064800000000000040e+02 1.468290601345659923e+02
-5.489999999999999858e+01 -8.534999999999999432e+01 1.067219999999999942e+02 1.472692017497209065e+02
-5.520000000000000284e+01 -8.415000000000000568e+01 1.084159999999999968e+02 1.479266424820086172e+02
-5.429999999999999716e+01 -8.445000000000000284e+01 1.072060000000000031e+02 1.468789261126319730e+02
-5.489999999999999858e+01 -8.504999999999999716e+01 1.079320000000000022e+02 1.479757720844868629e+02
-5.579999999999999716e+01 -8.534999999999999432e+01 1.086580000000000013e+02 1.490128298637402509e+02
-5.445000000000000284e+01 -8.445000000000000284e+01 1.072060000000000031e+02 1.469344460499307274e+02
-5.504999999999999716e+01 -8.490000000000000568e+01 1.089000000000000057e+02 1.486530272143826892e+02
