# 1-2
8.670000000000000284e+01 -1.723499999999999943e+02 8.397400000000000375e+01 2.104116089382902715e+02
8.625000000000000000e+01 -1.719000000000000057e+02 8.494199999999999307e+01 2.102470353274927675e+02
8.715000000000000568e+01 -1.726500000000000057e+02 8.470000000000000284e+01 2.111332162403632822e+02
8.670000000000000284e+01 -1.721999999999999886e+02 8.470000000000000284e+01 2.105797236202953968e+02
8.684999999999999432e+01 -1.728000000000000114e+02 8.542600000000000193e+01 2.114246058906105930e+02
8.654999999999999716e+01 -1.723499999999999943e+02 8.470000000000000284e+01 2.106407249322884354e+02
8.684999999999999432e+01 -1.730999999999999943e+02 8.518399999999999750e+01 2.115723194465665244e+02
8.595000000000000284e+01 -1.730999999999999943e+02 8.590999999999999659e+01 2.114983229247929444e+02
8.670000000000000284e+01 -1.726500000000000057e+02 8.929800000000000182e+01 2.128357237495623338e+02
8.654999999999999716e+01 -1.720500000000000114e+02 8.470000000000000284e+01 2.103953302713727282e+02
