# 1-3
1.951500000000000057e+02 3.314999999999999858e+01 8.639400000000000546e+01 2.159777030991856748e+02
1.950000000000000000e+02 3.270000000000000284e+01 8.857200000000000273e+01 2.166547695851628532e+02
1.955999999999999943e+02 3.300000000000000000e+01 8.687800000000000011e+01 2.165551820760703947e+02
1.951500000000000057e+02 3.285000000000000142e+01 8.784600000000000364e+01 2.165168924495268925e+02
1.953000000000000114e+02 3.270000000000000284e+01 8.736199999999999477e+01 2.164335903782035473e+02
1.954499999999999886e+02 3.300000000000000000e+01 8.687800000000000011e+01 2.164197065518757199e+02
1.948499999999999943e+02 3.314999999999999858e+01 8.736199999999999477e+01 2.160961916462203476e+02
1.950000000000000000e+02 3.329999999999999716e+01 8.736199999999999477e+01 2.162545006329347927e+02
1.950000000000000000e+02 3.300000000000000000e+01 8.760399999999999920e+01 2.163064049352214511e+02
1.953000000000000114e+02 3.285000000000000142e+01 8.590999999999999659e+01 2.158743629984811321e+02
