# 1-4
1.522500000000000000e+02 -7.425000000000000000e+01 6.800199999999999534e+01 1.825305371821383744e+02
1.509000000000000057e+02 -7.395000000000000284e+01 6.921200000000000330e+01 1.817407864074544932e+02
1.509000000000000057e+02 -7.515000000000000568e+01 6.800199999999999534e+01 1.817762484594728392e+02
1.513499999999999943e+02 -7.379999999999999716e+01 6.703400000000000603e+01 1.812369158201496191e+02
1.513499999999999943e+02 -7.395000000000000284e+01 6.703400000000000603e+01 1.812980478549065992e+02
1.516500000000000057e+02 -7.470000000000000284e+01 6.751800000000000068e+01 1.820343177096011118e+02
1.524000000000000057e+02 -7.409999999999999432e+01 6.727599999999999625e+01 1.823256157976711620e+02
1.515000000000000000e+02 -7.470000000000000284e+01 6.800199999999999534e+01 1.820895713762872390e+02
1.504499999999999886e+02 -7.395000000000000284e+01 6.969599999999999795e+01 1.815525747985965381e+02
1.505999999999999943e+02 -7.440000000000000568e+01 6.751800000000000068e+01 1.810370136850472704e+02
