# 1-5
1.495500000000000114e+02 7.559999999999999432e+01 2.855600000000000094e+01 1.699882573473826710e+02
1.504499999999999886e+02 7.559999999999999432e+01 2.952400000000000091e+01 1.709451054461636090e+02
1.505999999999999943e+02 7.484999999999999432e+01 3.000799999999999912e+01 1.708313863550840495e+02
1.496999999999999886e+02 7.575000000000000000e+01 2.976599999999999824e+01 1.703941526461515537e+02
1.494000000000000057e+02 7.590000000000000568e+01 3.073400000000000176e+01 1.703694478361657332e+02
1.490999999999999943e+02 7.620000000000000284e+01 3.000799999999999912e+01 1.701109345809375100e+02
1.494000000000000057e+02 7.634999999999999432e+01 2.952400000000000091e+01 1.703565351725609673e+02
1.492500000000000000e+02 7.575000000000000000e+01 3.025000000000000000e+01 1.700843540717370104e+02
1.498499999999999943e+02 7.515000000000000568e+01 2.976599999999999824e+01 1.702602706329342084e+02
