# 1-6
1.305000000000000071e+01 8.534999999999999432e+01 5.203000000000000114e+01 1.008069734691008250e+02
1.319999999999999929e+01 8.475000000000000000e+01 5.178799999999999670e+01 1.001938094095638263e+02
1.305000000000000071e+01 8.400000000000000000e+01 5.227199999999999847e+01 9.979310839932784916e+01
1.319999999999999929e+01 8.429999999999999716e+01 5.275600000000000023e+01 1.003191184969246024e+02
1.259999999999999964e+01 8.475000000000000000e+01 5.203000000000000114e+01 1.002419243630128989e+02
1.275000000000000000e+01 8.565000000000000568e+01 5.275600000000000023e+01 1.013986219630227481e+02
1.259999999999999964e+01 8.504999999999999716e+01 5.154599999999999937e+01 1.002459605969238083e+02
1.305000000000000071e+01 8.429999999999999716e+01 5.299799999999999756e+01 1.004269909137976668e+02
1.319999999999999929e+01 8.504999999999999716e+01 5.251400000000000290e+01 1.008239192652219742e+02
1.334999999999999964e+01 8.550000000000000000e+01 5.372399999999999665e+01 1.018564709579121370e+02
