# 1-7
-2.925000000000000000e+01 3.900000000000000000e+01 7.598799999999999955e+01 9.028144130440098536e+01
-2.880000000000000071e+01 3.960000000000000142e+01 7.647199999999999420e+01 9.080510329271146475e+01
-2.925000000000000000e+01 3.900000000000000000e+01 7.671399999999999864e+01 9.089334571903489746e+01
-2.894999999999999929e+01 3.945000000000000284e+01 7.840800000000000125e+01 9.242412814844401225e+01
-2.760000000000000142e+01 4.004999999999999716e+01 7.647199999999999420e+01 9.062962696602032509e+01
-2.850000000000000000e+01 3.960000000000000142e+01 7.865000000000000568e+01 9.255394373012963172e+01
-2.850000000000000000e+01 3.960000000000000142e+01 7.671399999999999864e+01 9.091450817113845062e+01
-2.835000000000000142e+01 3.914999999999999858e+01 7.671399999999999864e+01 9.067239268928553031e+01
-2.819999999999999929e+01 3.929999999999999716e+01 7.743999999999999773e+01 9.130544123982973304e+01
-2.819999999999999929e+01 3.989999999999999858e+01 7.719799999999999329e+01 9.136072024672309055e+01
