# 2-0
-8.909999999999999432e+01 2.369999999999999929e+01 1.236620000000000061e+02 1.542491174820783328e+02
-8.909999999999999432e+01 2.205000000000000071e+01 1.255979999999999990e+02 1.555630743589236147e+02
-8.865000000000000568e+01 2.219999999999999929e+01 1.239039999999999964e+02 1.539605914381988896e+02
-8.834999999999999432e+01 2.264999999999999858e+01 1.229360000000000070e+02 1.530751615906382028e+02
-8.804999999999999716e+01 2.310000000000000142e+01 1.229360000000000070e+02 1.529695152505884153e+02
-8.834999999999999432e+01 2.160000000000000142e+01 1.239039999999999964e+02 1.537025820082408245e+02
-8.865000000000000568e+01 2.219999999999999929e+01 1.241460000000000008e+02 1.541554144881067714e+02
-8.850000000000000000e+01 2.219999999999999929e+01 1.241460000000000008e+02 1.540692030095567304e+02
-8.895000000000000284e+01 2.250000000000000000e+01 1.231779999999999973e+02 1.535941801762033094e+02
-8.850000000000000000e+01 2.205000000000000071e+01 1.243880000000000052e+02 1.542427536190922694e+02
