# 2-1
-2.216999999999999886e+02 1.140000000000000036e+01 1.943259999999999934e+02 2.950312598285137824e+02
-2.218499999999999943e+02 1.334999999999999964e+01 1.940840000000000032e+02 2.950665078520434008e+02
-2.220000000000000000e+02 1.169999999999999929e+01 1.943259999999999934e+02 2.952684952310354447e+02
-2.215500000000000114e+02 1.169999999999999929e+01 1.948100000000000023e+02 2.952494345464526191e+02
-2.214000000000000057e+02 9.599999999999999645e+00 1.950519999999999925e+02 2.952209387966917120e+02
-2.203499999999999943e+02 1.034999999999999964e+01 1.955360000000000014e+02 2.947805493854708061e+02
-2.216999999999999886e+02 1.094999999999999929e+01 1.955360000000000014e+02 2.958126430631388644e+02
-2.209499999999999886e+02 1.094999999999999929e+01 1.955360000000000014e+02 2.952509649366111830e+02
-2.216999999999999886e+02 1.019999999999999929e+01 1.955360000000000014e+02 2.957858301136144519e+02
-2.212500000000000000e+02 1.034999999999999964e+01 1.940840000000000032e+02 2.944949643983747478e+02
