# 2-6
-8.834999999999999432e+01 1.678499999999999943e+02 -3.146000000000000085e+01 1.922734422638758360e+02
-8.804999999999999716e+01 1.681500000000000057e+02 -3.121799999999999997e+01 1.923584896072954677e+02
-8.879999999999999716e+01 1.685999999999999943e+02 -3.146000000000000085e+01 1.931350087374114537e+02
-8.850000000000000000e+01 1.684499999999999886e+02 -3.073400000000000176e+01 1.927491407399784009e+02
-8.790000000000000568e+01 1.672500000000000000e+02 -3.218599999999999994e+01 1.916635361668984956e+02
-8.820000000000000284e+01 1.659000000000000057e+02 -3.242799999999999727e+01 1.906662665077386123e+02
-8.745000000000000284e+01 1.660500000000000114e+02 -3.194399999999999906e+01 1.903694411821393260e+02
-8.790000000000000568e+01 1.666500000000000057e+02 -3.291199999999999903e+01 1.912637766123005463e+02
-8.790000000000000568e+01 1.655999999999999943e+02 -3.170200000000000173e+01 1.901441211397291511e+02
-8.759999999999999432e+01 1.665000000000000000e+02 -3.363799999999999812e+01 1.911217545022020943e+02
