# 2-7
-5.460000000000000142e+01 4.064999999999999858e+01 6.388799999999999812e+01 9.335555175778246451e+01
-5.279999999999999716e+01 4.064999999999999858e+01 6.388799999999999812e+01 9.231434906882027747e+01
-5.579999999999999716e+01 4.020000000000000284e+01 6.485599999999999454e+01 9.453031649158909033e+01
-5.520000000000000284e+01 4.004999999999999716e+01 6.412999999999999545e+01 9.361463240327336166e+01
-5.475000000000000000e+01 4.004999999999999716e+01 6.388799999999999812e+01 9.318391247420339596e+01
-5.504999999999999716e+01 3.975000000000000000e+01 6.364600000000000080e+01 9.306652629168019075e+01
-5.489999999999999858e+01 4.064999999999999858e+01 6.461400000000000432e+01 9.402872697213337005e+01
-5.595000000000000284e+01 3.975000000000000000e+01 6.364600000000000080e+01 9.360170039053777202e+01
-5.564999999999999858e+01 4.020000000000000284e+01 6.388799999999999812e+01 9.377973685183809494e+01
-5.520000000000000284e+01 3.989999999999999858e+01 6.364600000000000080e+01 9.321943636388283494e+01
