# 3-0
-8.265000000000000568e+01 1.048499999999999943e+02 1.599619999999999891e+02 2.083563928560868419e+02
-8.295000000000000284e+01 1.051500000000000057e+02 1.604459999999999980e+02 2.089979519421183340e+02
-8.234999999999999432e+01 1.059000000000000057e+02 1.597199999999999989e+02 2.085828633900685531e+02
-8.325000000000000000e+01 1.057500000000000000e+02 1.602040000000000077e+02 2.092341908388779643e+02
-8.370000000000000284e+01 1.054500000000000028e+02 1.611719999999999970e+02 2.100043001559729987e+02
-8.309999999999999432e+01 1.054500000000000028e+02 1.611719999999999970e+02 2.097658839849797801e+02
-8.279999999999999716e+01 1.062000000000000028e+02 1.618979999999999961e+02 2.105831009459211032e+02
-8.295000000000000284e+01 1.054500000000000028e+02 1.602040000000000077e+02 2.089634576092193186e+02
-8.295000000000000284e+01 1.047000000000000028e+02 1.602040000000000077e+02 2.085859873433495864e+02
-8.234999999999999432e+01 1.055999999999999943e+02 1.604459999999999980e+02 2.089875628261165161e+02
