# 3-1
-1.905000000000000000e+02 2.850000000000000000e+02 3.963960000000000150e+02 5.240658725923678958e+02
-1.899000000000000057e+02 2.848500000000000227e+02 3.978480000000000132e+02 5.248662340101523114e+02
-1.894499999999999886e+02 2.833500000000000227e+02 3.985740000000000123e+02 5.244423309344889503e+02
-1.899000000000000057e+02 2.823000000000000114e+02 3.993000000000000114e+02 5.245910693101818651e+02
-1.905000000000000000e+02 2.816999999999999886e+02 3.985740000000000123e+02 5.239335582647861429e+02
-1.901999999999999886e+02 2.821499999999999773e+02 3.976059999999999945e+02 5.233308644977859103e+02
-1.901999999999999886e+02 2.811000000000000227e+02 3.980899999999999750e+02 5.231337286965924704e+02
-1.899000000000000057e+02 2.812500000000000000e+02 3.988159999999999741e+02 5.236580700762664264e+02
-1.900500000000000114e+02 2.813999999999999773e+02 3.993000000000000114e+02 5.241616663778456768e+02
-1.901999999999999886e+02 2.820000000000000000e+02 3.990579999999999927e+02 5.243542002921307130e+02
