# 3-6
-2.550000000000000000e+02 -1.816500000000000057e+02 -8.058599999999999852e+01 3.232890748169508015e+02
-2.551500000000000057e+02 -1.815000000000000000e+02 -7.985999999999999943e+01 3.231429901761757151e+02
-2.551500000000000057e+02 -1.815000000000000000e+02 -8.034399999999999409e+01 3.232629438027192350e+02
-2.542500000000000000e+02 -1.825500000000000114e+02 -8.034399999999999409e+01 3.231450499945805745e+02
-2.539499999999999886e+02 -1.822500000000000000e+02 -8.228000000000000114e+01 3.232269533934322112e+02
-2.554499999999999886e+02 -1.792500000000000000e+02 -8.058599999999999852e+01 3.223032243028294488e+02
-2.544000000000000057e+02 -1.805999999999999943e+02 -8.034399999999999409e+01 3.221659174028189909e+02
-2.539499999999999886e+02 -1.811999999999999886e+02 -8.058599999999999852e+01 3.222082337495427851e+02
-2.538000000000000114e+02 -1.796999999999999886e+02 -8.082800000000000296e+01 3.213093456219410768e+02
-2.544000000000000057e+02 -1.804499999999999886e+02 -8.058599999999999852e+01 3.221423069017790795e+02
