# 3-7
-7.350000000000000000e+01 -2.850000000000000089e+00 5.009400000000000119e+01 8.899315330967883142e+01
-7.379999999999999716e+01 -2.850000000000000089e+00 5.082000000000000028e+01 8.965062688012839942e+01
-7.425000000000000000e+01 -3.149999999999999911e+00 5.057800000000000296e+01 8.989504482450631428e+01
-7.425000000000000000e+01 -3.000000000000000000e+00 5.009400000000000119e+01 8.961847653246510959e+01
-7.365000000000000568e+01 -2.700000000000000178e+00 5.057800000000000296e+01 8.938538238436976258e+01
-7.365000000000000568e+01 -3.750000000000000000e+00 5.057800000000000296e+01 8.942325807081735434e+01
-7.304999999999999716e+01 -3.450000000000000178e+00 4.912599999999999767e+01 8.809976660582023555e+01
-7.304999999999999716e+01 -2.399999999999999911e+00 5.130400000000000205e+01 8.929816860384092081e+01
-7.409999999999999432e+01 -2.549999999999999822e+00 5.033599999999999852e+01 8.961598850651594717e+01
-7.395000000000000284e+01 -3.299999999999999822e+00 5.082000000000000028e+01 8.978955896984905394e+01
