# 4-0
-2.564999999999999858e+01 1.261500000000000057e+02 1.577839999999999918e+02 2.036357916870214524e+02
-2.550000000000000000e+01 1.260000000000000000e+02 1.585099999999999909e+02 2.040874079898120499e+02
-2.505000000000000071e+01 1.275000000000000000e+02 1.577839999999999918e+02 2.044004480327770636e+02
-2.535000000000000142e+01 1.265999999999999943e+02 1.577839999999999918e+02 2.038773483151082928e+02
-2.564999999999999858e+01 1.269000000000000057e+02 1.580260000000000105e+02 2.042883970665000959e+02
-2.580000000000000071e+01 1.260000000000000000e+02 1.580260000000000105e+02 2.037494949098034169e+02
-2.505000000000000071e+01 1.261500000000000057e+02 1.597199999999999989e+02 2.050653637258130573e+02
-2.594999999999999929e+01 1.261500000000000057e+02 1.573000000000000114e+02 2.032990777155666535e+02
-2.535000000000000142e+01 1.258499999999999943e+02 1.587520000000000095e+02 2.041642537370339880e+02
-2.564999999999999858e+01 1.261500000000000057e+02 1.577839999999999918e+02 2.036357916870214524e+02
