# 4-1
-5.700000000000000178e+00 3.970500000000000114e+02 4.542339999999999804e+02 6.033321798611441409e+02
-6.750000000000000000e+00 3.993000000000000114e+02 4.522980000000000018e+02 6.033734608880307633e+02
-6.150000000000000355e+00 3.971999999999999886e+02 4.532660000000000196e+02 6.027070011672338978e+02
-5.849999999999999645e+00 3.976499999999999773e+02 4.537500000000000000e+02 6.033645726258710056e+02
-5.700000000000000178e+00 3.966000000000000227e+02 4.537500000000000000e+02 6.026716456744916286e+02
-6.150000000000000355e+00 3.982500000000000000e+02 4.542339999999999804e+02 6.041269831384789768e+02
-6.000000000000000000e+00 3.973500000000000227e+02 4.539920000000000186e+02 6.033504442394984153e+02
-6.000000000000000000e+00 3.970500000000000114e+02 4.544759999999999991e+02 6.035173047030217504e+02
-6.299999999999999822e+00 3.985500000000000114e+02 4.535079999999999814e+02 6.037808365325947761e+02
-5.849999999999999645e+00 3.968999999999999773e+02 4.537500000000000000e+02 6.028705458056481348e+02
