# 4-6
4.350000000000000000e+01 -2.572500000000000000e+02 -5.033599999999999852e+01 2.657132390303501666e+02
4.200000000000000000e+01 -2.565000000000000000e+02 -5.057800000000000296e+01 2.647912084718826122e+02
4.185000000000000142e+01 -2.550000000000000000e+02 -5.130400000000000205e+01 2.634549732231297412e+02
4.154999999999999716e+01 -2.561999999999999886e+02 -4.960999999999999943e+01 2.642460871990349460e+02
4.229999999999999716e+01 -2.565000000000000000e+02 -5.082000000000000028e+01 2.648852815843114854e+02
4.304999999999999716e+01 -2.575500000000000114e+02 -4.936800000000000210e+01 2.657489499960442458e+02
4.275000000000000000e+01 -2.565000000000000000e+02 -5.033599999999999852e+01 2.648651079247698590e+02
4.260000000000000142e+01 -2.573999999999999773e+02 -4.888400000000000034e+01 2.654414539140410625e+02
4.245000000000000284e+01 -2.571000000000000227e+02 -5.057800000000000296e+01 2.654440554693211425e+02
4.170000000000000284e+01 -2.565000000000000000e+02 -5.082000000000000028e+01 2.647901289700958500e+02
