# 4-7
-4.604999999999999716e+01 -2.700000000000000000e+01 5.251400000000000290e+01 7.488205857213061734e+01
-4.575000000000000000e+01 -2.700000000000000000e+01 5.130400000000000205e+01 7.385230474399563150e+01
-4.695000000000000284e+01 -2.610000000000000142e+01 5.227199999999999847e+01 7.495248150661858233e+01
-4.725000000000000000e+01 -2.730000000000000071e+01 5.178799999999999670e+01 7.523197089004115412e+01
-4.635000000000000142e+01 -2.639999999999999858e+01 5.227199999999999847e+01 7.468362929049445142e+01
-4.635000000000000142e+01 -2.655000000000000071e+01 5.299799999999999756e+01 7.524634877520637133e+01
-4.589999999999999858e+01 -2.625000000000000000e+01 5.203000000000000114e+01 7.418216362441850720e+01
-4.695000000000000284e+01 -2.714999999999999858e+01 5.420799999999999841e+01 7.668071637641369875e+01
-4.650000000000000000e+01 -2.610000000000000142e+01 5.324000000000000199e+01 7.535222359028298911e+01
-4.725000000000000000e+01 -2.535000000000000142e+01 5.178799999999999670e+01 7.454650859698259069e+01
