# 5-0
1.619999999999999929e+01 9.134999999999999432e+01 1.355200000000000102e+02 1.642343840369610177e+02
1.650000000000000000e+01 9.120000000000000284e+01 1.343100000000000023e+02 1.631835350150253419e+02
1.575000000000000000e+01 9.195000000000000284e+01 1.352779999999999916e+02 1.643259026568848356e+02
1.800000000000000000e+01 9.165000000000000568e+01 1.352779999999999916e+02 1.643893542295242298e+02
1.785000000000000142e+01 9.209999999999999432e+01 1.357620000000000005e+02 1.650222807502065905e+02
1.800000000000000000e+01 9.075000000000000000e+01 1.347940000000000111e+02 1.634900147898947580e+02
1.814999999999999858e+01 9.150000000000000000e+01 1.343100000000000023e+02 1.635262932986619262e+02
1.785000000000000142e+01 9.165000000000000568e+01 1.352779999999999916e+02 1.643729974296264800e+02
1.830000000000000071e+01 9.134999999999999432e+01 1.362460000000000093e+02 1.650535822573990572e+02
1.769999999999999929e+01 9.179999999999999716e+01 1.350360000000000014e+02 1.642414420784230629e+02
