# 5-1
1.175999999999999943e+02 1.867500000000000000e+02 2.257860000000000014e+02 3.157287448047770226e+02
1.171500000000000057e+02 1.879499999999999886e+02 2.262700000000000102e+02 3.166187579724233387e+02
1.168499999999999943e+02 1.865999999999999943e+02 2.274799999999999898e+02 3.165764250540460125e+02
1.172999999999999972e+02 1.873499999999999943e+02 2.272379999999999995e+02 3.170117050583463651e+02
1.170000000000000000e+02 1.870500000000000114e+02 2.272379999999999995e+02 3.167235563452772453e+02
1.170000000000000000e+02 1.871999999999999886e+02 2.272379999999999995e+02 3.168121661868432284e+02
1.172999999999999972e+02 1.873499999999999943e+02 2.265120000000000005e+02 3.164917039102289209e+02
1.175999999999999943e+02 1.871999999999999886e+02 2.265120000000000005e+02 3.165142747870938820e+02
1.168499999999999943e+02 1.865999999999999943e+02 2.277220000000000084e+02 3.167503619319163590e+02
1.164000000000000057e+02 1.860000000000000000e+02 2.282059999999999889e+02 3.165800663907947410e+02
