# 5-6
9.449999999999999289e+00 -2.700000000000000178e+00 -1.040600000000000058e+01 1.431353680960788921e+01
9.599999999999999645e+00 -2.399999999999999911e+00 -1.113199999999999967e+01 1.489434201299271798e+01
1.140000000000000036e+01 -3.000000000000000000e+00 -9.195999999999999730e+00 1.495079984482435620e+01
8.250000000000000000e+00 -1.199999999999999956e+00 -1.064799999999999969e+01 1.352340208675317079e+01
7.500000000000000000e+00 -9.000000000000000222e-01 -1.089000000000000057e+01 1.325338070078725217e+01
7.950000000000000178e+00 -4.500000000000000111e-01 -1.064799999999999969e+01 1.329604843553151206e+01
8.250000000000000000e+00 -9.000000000000000222e-01 -1.064799999999999969e+01 1.350008903674342520e+01
7.200000000000000178e+00 -1.350000000000000089e+00 -1.064799999999999969e+01 1.292448853920339857e+01
6.900000000000000355e+00 1.499999999999999944e-01 -1.016399999999999970e+01 1.228573953818002806e+01
8.099999999999999645e+00 -1.649999999999999911e+00 -9.195999999999999730e+00 1.236523012321242554e+01
