# 5-7
-3.810000000000000142e+01 -5.700000000000000178e+00 6.727599999999999625e+01 7.752522283747399001e+01
-3.929999999999999716e+01 -5.549999999999999822e+00 6.727599999999999625e+01 7.811115589978167861e+01
-3.870000000000000284e+01 -6.599999999999999645e+00 6.800199999999999534e+01 7.852083802405574886e+01
-3.870000000000000284e+01 -7.500000000000000000e+00 6.872799999999999443e+01 7.923053694125769653e+01
-3.914999999999999858e+01 -6.150000000000000355e+00 6.776000000000000512e+01 7.849816940540715393e+01
-3.900000000000000000e+01 -6.450000000000000178e+00 6.800199999999999534e+01 7.865668759870325744e+01
-3.900000000000000000e+01 -6.150000000000000355e+00 6.776000000000000512e+01 7.842346651353790321e+01
-3.945000000000000284e+01 -6.450000000000000178e+00 6.776000000000000512e+01 7.867224796584881119e+01
-3.914999999999999858e+01 -6.599999999999999645e+00 6.679200000000000159e+01 7.770105381524757604e+01
-3.914999999999999858e+01 -7.349999999999999645e+00 6.751800000000000068e+01 7.839276321191898944e+01
