# 6-0
1.725000000000000000e+01 4.604999999999999716e+01 1.110780000000000030e+02 1.214762819812987260e+02
1.769999999999999929e+01 4.650000000000000000e+01 1.115619999999999976e+02 1.221540823877777768e+02
1.725000000000000000e+01 4.575000000000000000e+01 1.113199999999999932e+02 1.215844044275415996e+02
1.710000000000000142e+01 4.650000000000000000e+01 1.113199999999999932e+02 1.218474554514783392e+02
1.739999999999999858e+01 4.710000000000000142e+01 1.110780000000000030e+02 1.218995163403038333e+02
1.605000000000000071e+01 4.604999999999999716e+01 1.105939999999999941e+02 1.208686801284766119e+02
1.710000000000000142e+01 4.664999999999999858e+01 1.118040000000000020e+02 1.223469121637321990e+02
1.725000000000000000e+01 4.664999999999999858e+01 1.118040000000000020e+02 1.223679672790228210e+02
1.710000000000000142e+01 4.620000000000000284e+01 1.118040000000000020e+02 1.221760386327859322e+02
1.710000000000000142e+01 4.664999999999999858e+01 1.115619999999999976e+02 1.221258053975489588e+02
