# 6-1
6.479999999999999716e+01 4.964999999999999858e+01 1.338259999999999934e+02 1.567595635870424360e+02
6.540000000000000568e+01 4.935000000000000142e+01 1.345519999999999925e+02 1.575335621510540136e+02
6.540000000000000568e+01 4.904999999999999716e+01 1.330999999999999943e+02 1.562007442363832013e+02
6.479999999999999716e+01 4.860000000000000142e+01 1.343100000000000023e+02 1.568444327988723899e+02
6.479999999999999716e+01 4.845000000000000284e+01 1.333420000000000130e+02 1.559696491757290744e+02
6.525000000000000000e+01 4.785000000000000142e+01 1.338259999999999934e+02 1.563860072896549127e+02
6.450000000000000000e+01 4.875000000000000000e+01 1.335840000000000032e+02 1.561457574063413460e+02
6.434999999999999432e+01 4.904999999999999716e+01 1.330999999999999943e+02 1.557640362856587046e+02
6.525000000000000000e+01 4.875000000000000000e+01 1.338259999999999934e+02 1.566637267397913149e+02
6.465000000000000568e+01 4.889999999999999858e+01 1.333420000000000130e+02 1.560478178764445261e+02
