# 6-2
1.330500000000000114e+02 4.200000000000000178e+00 1.224519999999999982e+02 1.808713211208454652e+02
1.338000000000000114e+02 4.349999999999999645e+00 1.222099999999999937e+02 1.812640245608598377e+02
1.335000000000000000e+02 4.650000000000000355e+00 1.234200000000000017e+02 1.818690982547612407e+02
1.338000000000000114e+02 3.750000000000000000e+00 1.231779999999999973e+02 1.819047063272415699e+02
1.338000000000000114e+02 4.500000000000000000e+00 1.234200000000000017e+02 1.820856567662593477e+02
1.329000000000000057e+02 4.349999999999999645e+00 1.226940000000000026e+02 1.809285774442500951e+02
1.338000000000000114e+02 4.650000000000000355e+00 1.222099999999999937e+02 1.812714721074444242e+02
1.327500000000000000e+02 3.600000000000000089e+00 1.229360000000000070e+02 1.809662471180744774e+02
1.336500000000000057e+02 4.500000000000000000e+00 1.219680000000000035e+02 1.809938273091102019e+02
