# 6-3
-1.919999999999999929e+01 -1.546500000000000057e+02 1.427800000000000047e+01 1.564900117707197182e+02
-1.814999999999999858e+01 -1.540500000000000114e+02 1.331000000000000050e+01 1.556855198790176757e+02
-1.814999999999999858e+01 -1.543499999999999943e+02 1.379400000000000048e+01 1.560244193579966350e+02
-1.785000000000000142e+01 -1.546500000000000057e+02 1.331000000000000050e+01 1.562446834295490703e+02
-1.830000000000000071e+01 -1.537500000000000000e+02 1.355199999999999960e+01 1.554271829635987388e+02
-1.844999999999999929e+01 -1.534499999999999886e+02 1.403599999999999959e+01 1.551912184886760713e+02
-1.889999999999999858e+01 -1.541999999999999886e+02 1.355199999999999960e+01 1.559439216641674477e+02
-1.919999999999999929e+01 -1.539000000000000057e+02 1.258399999999999963e+01 1.556027218785069977e+02
-1.814999999999999858e+01 -1.534499999999999886e+02 1.427800000000000047e+01 1.551779181584802529e+02
-1.889999999999999858e+01 -1.535999999999999943e+02 1.258399999999999963e+01 1.552692083318518144e+02
