# 6-4
6.809999999999999432e+01 8.340000000000000568e+01 -6.921200000000000330e+01 1.279979333583163879e+02
6.870000000000000284e+01 8.370000000000000284e+01 -7.066400000000000148e+01 1.293011248829645865e+02
6.825000000000000000e+01 8.279999999999999716e+01 -7.090600000000000591e+01 1.286140090969875587e+02
6.809999999999999432e+01 8.265000000000000568e+01 -7.018000000000000682e+01 1.280385289668699613e+02
6.795000000000000284e+01 8.325000000000000000e+01 -7.018000000000000682e+01 1.283471752708254883e+02
6.809999999999999432e+01 8.234999999999999432e+01 -7.090600000000000591e+01 1.282450518967496293e+02
6.779999999999999716e+01 8.279999999999999716e+01 -6.945399999999999352e+01 1.275795364312004239e+02
6.795000000000000284e+01 8.325000000000000000e+01 -7.114799999999999613e+01 1.288790242979826530e+02
6.825000000000000000e+01 8.309999999999999432e+01 -6.993800000000000239e+01 1.282770296818569022e+02
