# 6-5
7.829999999999999716e+01 -6.554999999999999716e+01 4.355999999999999872e+00 1.022089391198245352e+02
7.770000000000000284e+01 -6.540000000000000568e+01 3.629999999999999893e+00 1.016249324723022909e+02
7.740000000000000568e+01 -6.600000000000000000e+01 4.597999999999999865e+00 1.018228933197245283e+02
7.815000000000000568e+01 -6.584999999999999432e+01 5.081999999999999851e+00 1.023204364924231555e+02
7.709999999999999432e+01 -6.584999999999999432e+01 3.871999999999999886e+00 1.014673587120508245e+02
7.875000000000000000e+01 -6.629999999999999716e+01 4.597999999999999865e+00 1.030455923560052156e+02
7.800000000000000000e+01 -6.540000000000000568e+01 5.081999999999999851e+00 1.019165674657462120e+02
7.815000000000000568e+01 -6.615000000000000568e+01 4.597999999999999865e+00 1.024909098603383626e+02
7.784999999999999432e+01 -6.525000000000000000e+01 4.839999999999999858e+00 1.016937097366400593e+02
7.709999999999999432e+01 -6.615000000000000568e+01 3.871999999999999886e+00 1.016623080792483194e+02
