# 6-6
-3.764999999999999858e+01 -3.960000000000000142e+01 4.743200000000000216e+01 7.235659696254377593e+01
-3.929999999999999716e+01 -3.975000000000000000e+01 4.718999999999999773e+01 7.315359594715764047e+01
-3.810000000000000142e+01 -4.035000000000000142e+01 4.622200000000000131e+01 7.222330499222532296e+01
-3.885000000000000142e+01 -4.050000000000000000e+01 4.694800000000000040e+01 7.316889505794111415e+01
-3.795000000000000284e+01 -4.004999999999999716e+01 4.767399999999999949e+01 7.291786664460227030e+01
-3.750000000000000000e+01 -4.079999999999999716e+01 4.718999999999999773e+01 7.278589217698714720e+01
-3.750000000000000000e+01 -4.050000000000000000e+01 4.767399999999999949e+01 7.293360183070626590e+01
-3.810000000000000142e+01 -4.035000000000000142e+01 4.791599999999999682e+01 7.331899860199946772e+01
-3.839999999999999858e+01 -4.079999999999999716e+01 4.767399999999999949e+01 7.356636647272991070e+01
-3.854999999999999716e+01 -4.050000000000000000e+01 4.670600000000000307e+01 7.285466996699662445e+01
