# 6-7
-3.929999999999999716e+01 -2.700000000000000178e+00 7.550400000000000489e+01 8.516239789954249773e+01
-3.870000000000000284e+01 -2.549999999999999822e+00 7.526200000000000045e+01 8.466735583446551061e+01
-4.020000000000000284e+01 -1.649999999999999911e+00 7.550400000000000489e+01 8.555475741301592052e+01
-3.854999999999999716e+01 -2.399999999999999911e+00 7.501999999999999602e+01 8.437928003959264345e+01
-3.945000000000000284e+01 -2.100000000000000089e+00 7.526200000000000045e+01 8.500047731630688475e+01
-3.810000000000000142e+01 -2.850000000000000089e+00 7.453600000000000136e+01 8.375767305745785052e+01
-3.825000000000000000e+01 -2.549999999999999822e+00 7.453600000000000136e+01 8.381634862006337983e+01
-3.914999999999999858e+01 -1.949999999999999956e+00 7.526200000000000045e+01 8.485807942676996163e+01
-3.900000000000000000e+01 -3.450000000000000178e+00 7.501999999999999602e+01 8.462211826703465078e+01
-3.885000000000000142e+01 -2.549999999999999822e+00 7.429399999999999693e+01 8.387743102885303870e+01
