# 7-0
5.400000000000000355e+00 2.460000000000000142e+01 1.011560000000000059e+02 1.042442148802512776e+02
5.849999999999999645e+00 2.444999999999999929e+01 1.009140000000000015e+02 1.039983672756452364e+02
6.150000000000000355e+00 2.339999999999999858e+01 1.004300000000000068e+02 1.033032787475789718e+02
6.599999999999999645e+00 2.355000000000000071e+01 9.994599999999999795e+01 1.028949241508054229e+02
6.599999999999999645e+00 2.414999999999999858e+01 1.001880000000000024e+02 1.032686682590610303e+02
6.450000000000000178e+00 2.369999999999999929e+01 9.970399999999999352e+01 1.026848582606023683e+02
5.400000000000000355e+00 2.400000000000000000e+01 9.921999999999999886e+01 1.022241087023995476e+02
6.750000000000000000e+00 2.414999999999999858e+01 9.970399999999999352e+01 1.028089131155465452e+02
6.299999999999999822e+00 2.369999999999999929e+01 9.994599999999999795e+01 1.029105578451501657e+02
5.849999999999999645e+00 2.369999999999999929e+01 9.994599999999999795e+01 1.028839900859215390e+02
