# 7-1
2.160000000000000142e+01 1.905000000000000071e+01 1.055120000000000005e+02 1.093720469041335974e+02
2.039999999999999858e+01 1.860000000000000142e+01 1.045439999999999969e+02 1.081275540091423721e+02
2.144999999999999929e+01 1.905000000000000071e+01 1.057540000000000049e+02 1.095760626961929205e+02
2.189999999999999858e+01 1.919999999999999929e+01 1.045439999999999969e+02 1.085251027919347280e+02
2.100000000000000000e+01 1.980000000000000071e+01 1.064800000000000040e+02 1.103223930124795658e+02
2.100000000000000000e+01 2.025000000000000000e+01 1.045439999999999969e+02 1.085380598499899349e+02
2.100000000000000000e+01 1.905000000000000071e+01 1.055120000000000005e+02 1.092551355497763410e+02
2.144999999999999929e+01 1.919999999999999929e+01 1.050280000000000058e+02 1.089018975224949912e+02
2.189999999999999858e+01 1.905000000000000071e+01 1.055120000000000005e+02 1.094316893957139030e+02
2.114999999999999858e+01 1.935000000000000142e+01 1.047860000000000014e+02 1.086363235570865555e+02
