# 7-2
2.925000000000000000e+01 9.150000000000000355e+00 1.091419999999999959e+02 1.133634031069992147e+02
3.030000000000000071e+01 8.699999999999999289e+00 1.081740000000000066e+02 1.126738402469712668e+02
2.985000000000000142e+01 9.900000000000000355e+00 1.084159999999999968e+02 1.128851697788509227e+02
2.985000000000000142e+01 9.000000000000000000e+00 1.086580000000000013e+02 1.130423967544920743e+02
3.000000000000000000e+01 8.550000000000000711e+00 1.081740000000000066e+02 1.125820446430069097e+02
3.060000000000000142e+01 9.300000000000000711e+00 1.091419999999999959e+02 1.137313772184264025e+02
3.030000000000000071e+01 9.000000000000000000e+00 1.086580000000000013e+02 1.131620562025982224e+02
2.969999999999999929e+01 8.550000000000000711e+00 1.084159999999999968e+02 1.127351833102691927e+02
3.014999999999999858e+01 8.699999999999999289e+00 1.096260000000000048e+02 1.140288225669282269e+02
3.089999999999999858e+01 9.900000000000000355e+00 1.093840000000000003e+02 1.140950457118975834e+02
