# 7-3
3.479999999999999716e+01 -5.999999999999999778e-01 1.074479999999999933e+02 1.129445558847348678e+02
3.554999999999999716e+01 1.499999999999999944e-01 1.079320000000000022e+02 1.136360049632157683e+02
3.495000000000000284e+01 1.499999999999999944e-01 1.081740000000000066e+02 1.136799862596754593e+02
3.464999999999999858e+01 -4.500000000000000111e-01 1.086580000000000013e+02 1.140499275054570205e+02
3.510000000000000142e+01 -4.500000000000000111e-01 1.086580000000000013e+02 1.141874488023968439e+02
3.464999999999999858e+01 1.499999999999999944e-01 1.074479999999999933e+02 1.128969339884834966e+02
3.479999999999999716e+01 -1.499999999999999944e-01 1.076899999999999977e+02 1.131733122251001333e+02
3.450000000000000000e+01 0.000000000000000000e+00 1.086580000000000013e+02 1.140035568041629119e+02
3.464999999999999858e+01 -4.500000000000000111e-01 1.076899999999999977e+02 1.131280738808895308e+02
