# 7-4
3.210000000000000142e+01 -3.000000000000000000e+01 1.023659999999999997e+02 1.113966245269577229e+02
3.345000000000000284e+01 -2.955000000000000071e+01 1.026080000000000041e+02 1.118950698824572925e+02
3.329999999999999716e+01 -3.030000000000000071e+01 1.030919999999999987e+02 1.124941796894399317e+02
3.300000000000000000e+01 -2.939999999999999858e+01 1.021239999999999952e+02 1.112774522353922322e+02
3.285000000000000142e+01 -2.969999999999999929e+01 1.030919999999999987e+02 1.122014837869802903e+02
3.314999999999999858e+01 -2.910000000000000142e+01 1.038179999999999978e+02 1.128003086165990965e+02
3.270000000000000284e+01 -2.880000000000000071e+01 1.021239999999999952e+02 1.110317133795565638e+02
3.194999999999999929e+01 -3.030000000000000071e+01 1.021239999999999952e+02 1.112124268056407459e+02
3.210000000000000142e+01 -2.894999999999999929e+01 1.028499999999999943e+02 1.115644880775240182e+02
3.254999999999999716e+01 -2.880000000000000071e+01 1.028499999999999943e+02 1.116560119294970974e+02
