# 7-5
-1.275000000000000000e+01 -3.675000000000000000e+01 8.736199999999999477e+01 9.563076933707058913e+01
-1.259999999999999964e+01 -3.660000000000000142e+01 8.832999999999999829e+01 9.643914609742249411e+01
-1.305000000000000071e+01 -3.660000000000000142e+01 8.736199999999999477e+01 9.561371002110523420e+01
-1.305000000000000071e+01 -3.689999999999999858e+01 8.760399999999999920e+01 9.594984792067155865e+01
-1.230000000000000071e+01 -3.554999999999999716e+01 8.760399999999999920e+01 9.533914891585722273e+01
-1.259999999999999964e+01 -3.689999999999999858e+01 8.784600000000000364e+01 9.611081997361171148e+01
-1.244999999999999929e+01 -3.629999999999999716e+01 8.736199999999999477e+01 9.541913615203188215e+01
-1.334999999999999964e+01 -3.539999999999999858e+01 8.639400000000000546e+01 9.431492848960868969e+01
-1.350000000000000000e+01 -3.570000000000000284e+01 8.784600000000000364e+01 9.577922382228830145e+01
