# 7-6
-3.194999999999999929e+01 -1.664999999999999858e+01 8.179600000000000648e+01 8.937902783091793424e+01
-3.239999999999999858e+01 -1.694999999999999929e+01 8.228000000000000114e+01 9.003921867719644467e+01
-3.164999999999999858e+01 -1.680000000000000071e+01 8.058599999999999852e+01 8.819334383047282699e+01
-3.239999999999999858e+01 -1.680000000000000071e+01 8.106999999999999318e+01 8.890638278548958340e+01
-3.180000000000000071e+01 -1.710000000000000142e+01 8.203799999999999670e+01 8.963193317116393644e+01
-3.194999999999999929e+01 -1.755000000000000071e+01 8.276399999999999579e+01 9.043608072003119958e+01
-3.119999999999999929e+01 -1.680000000000000071e+01 8.348999999999999488e+01 9.069873262620596677e+01
-3.180000000000000071e+01 -1.739999999999999858e+01 8.106999999999999318e+01 8.880509501149131779e+01
-3.150000000000000000e+01 -1.650000000000000000e+01 8.058599999999999852e+01 8.808293476037228231e+01
-3.225000000000000000e+01 -1.619999999999999929e+01 8.179600000000000648e+01 8.940407214439396455e+01
