# 7-7
-3.510000000000000142e+01 -3.750000000000000000e+00 8.300600000000000023e+01 9.020015818167948396e+01
-3.585000000000000142e+01 -3.750000000000000000e+00 8.324800000000000466e+01 9.071667158797218633e+01
-3.554999999999999716e+01 -3.299999999999999822e+00 8.348999999999999488e+01 9.080348341335809437e+01
-3.464999999999999858e+01 -2.549999999999999822e+00 8.494199999999999307e+01 9.177291737762290325e+01
-3.525000000000000000e+01 -3.750000000000000000e+00 8.300600000000000023e+01 9.025863413546650804e+01
-3.570000000000000284e+01 -4.200000000000000178e+00 8.373199999999999932e+01 9.112177469737954993e+01
-3.525000000000000000e+01 -3.299999999999999822e+00 8.348999999999999488e+01 9.068645213040367992e+01
-3.525000000000000000e+01 -3.750000000000000000e+00 8.300600000000000023e+01 9.025863413546650804e+01
-3.600000000000000000e+01 -3.299999999999999822e+00 8.252200000000000557e+01 9.009312118025438565e+01
-3.539999999999999858e+01 -3.149999999999999911e+00 8.348999999999999488e+01 9.073953162762082059e+01
